; structure creation     : 64895/55998/236 (0:116:6)
; structure modification : 64895/55998/236 (0:116:6)
; structure name : buf_x8
L 1
B -3 60 99 127
L 2
B -3 -3 99 51
L 8
B 2 67 12 77
B 2 79 12 89
B 2 91 12 101
B 31 67 41 77
B 31 79 41 89
B 17 103 27 113
B 31 91 41 101
B 45 67 55 77
B 60 67 70 77
B 60 79 70 89
B 45 79 55 89
B 45 91 55 101
B 45 103 55 113
B 60 91 70 101
B 2 4 85 32
B 4 2 82 34
B 83 66 94 85
B 84 65 94 87
B 74 103 84 113
B 74 91 84 101
L 9
B 73 35 95 46
B 2 93 85 116
B 2 64 82 116
L 4
B 4 6 83 30
B 75 37 93 44
B 85 68 92 83
B 86 67 92 85
B 4 66 80 114
B 4 95 83 114
B 4 93 82 114
L 7
B 13 2 15 39
B 3 44 11 52
B 13 57 15 118
B 15 32 23 40
B 13 32 23 39
B 15 56 23 64
B 13 57 23 63
B 28 2 30 118
B 42 2 44 118
B 3 45 73 51
B 71 2 73 118
B 57 2 59 118
L 6
B 45 91 55 101
B 45 103 55 113
B 17 103 27 113
B 2 67 12 77
B 45 79 55 89
B 45 67 55 77
B 74 91 84 101
B 74 103 84 113
B 2 79 12 89
B 2 91 12 101
B 60 67 70 77
B 60 91 70 101
B 60 79 70 89
B 31 67 41 77
B 31 79 41 89
B 31 91 41 101
B 19 64 39 116
B 33 64 53 116
B 30 64 42 116
B 16 64 27 116
B 47 64 68 116
B 59 64 70 116
B 45 64 56 116
B 62 64 82 116
B 74 93 85 116
B 4 64 25 116
B 2 64 13 116
B 2 64 13 116
B 4 64 25 116
B 74 93 85 116
B 62 64 82 116
B 45 64 56 116
B 59 64 70 116
B 47 64 68 116
B 16 64 27 116
B 30 64 42 116
B 33 64 53 116
B 19 64 39 116
L 5
B 45 19 55 29
B 2 19 12 29
B 17 7 27 17
B 45 7 55 17
B 74 7 84 17
B 74 19 84 29
B 31 19 41 29
B 60 19 70 29
B 45 4 56 32
B 30 4 42 32
B 33 2 53 34
B 16 4 27 32
B 19 2 39 34
B 47 2 68 34
B 59 4 70 32
B 74 4 85 32
B 62 2 82 34
B 4 2 25 34
B 2 4 13 32
B 2 4 13 32
B 4 2 25 34
B 62 2 82 34
B 74 4 85 32
B 59 4 70 32
B 47 2 68 34
B 19 2 39 34
B 16 4 27 32
B 33 2 53 34
B 30 4 42 32
B 45 4 56 32
L 3
B -1 -1 97 49
B -1 62 97 125
L 10
B 49 23 51 25
B 6 23 8 25
B 21 11 23 13
B 49 11 51 13
B 49 95 51 97
B 49 107 51 109
B 21 107 23 109
B 6 71 8 73
B 49 83 51 85
B 49 71 51 73
B 78 11 80 13
B 78 23 80 25
B 78 95 80 97
B 78 107 80 109
B 88 69 90 71
B 88 81 90 83
B 78 40 80 42
B 88 40 90 42
B 6 83 8 85
B 6 95 8 97
B 35 23 37 25
B 64 71 66 73
B 64 95 66 97
B 64 83 66 85
B 64 23 66 25
B 35 71 37 73
B 35 83 37 85
B 35 95 37 97
L 12
B 47 21 53 27
B 4 21 10 27
B 19 9 25 15
B 47 9 53 15
B 47 93 53 99
B 47 105 53 111
B 19 105 25 111
B 4 69 10 75
B 47 81 53 87
B 47 69 53 75
B 16 57 22 63
B 76 9 82 15
B 76 21 82 27
B 76 93 82 99
B 76 105 82 111
B 86 67 92 73
B 86 79 92 85
B 76 38 82 44
B 86 38 92 44
B 4 81 10 87
B 4 93 10 99
B 4 45 10 51
B 16 33 22 39
B 33 21 39 27
B 62 69 68 75
B 62 93 68 99
B 62 81 68 87
B 62 21 68 27
B 33 69 39 75
B 33 81 39 87
B 33 93 39 99
B 76 79 92 85
B 76 79 82 111
B 21 21 27 99
T 23 41 10 1638144 i
B 33 21 39 99
T 35 41 10 1638144 q
B 33 21 39 99
B 62 21 68 99
B 33 45 68 51
B 16 57 27 63
B 47 69 53 111
B 47 9 53 27
B -3 -1 99 15
T 23 3 10 1638144 vss
B -3 105 99 121
T 23 109 10 1638144 vdd
B 4 21 10 99
B 16 33 27 39
B 21 21 27 99
B 76 9 82 44
B 76 38 92 44
B 86 67 92 85
B 86 67 92 85
B 76 38 92 44
B 76 9 82 44
B 21 21 27 99
B 16 33 27 39
B 4 21 10 99
B -3 105 99 121
B -3 -1 99 15
B 47 9 53 27
B 47 69 53 111
B 16 57 27 63
B 33 45 68 51
B 62 21 68 99
B 33 21 39 99
B 33 21 39 99
B 21 21 27 99
B 76 79 82 111
B 76 79 92 85
L 11
B 18 59 20 61
B 6 47 8 49
B 18 35 20 37
L 31
B 23 47 25 49
T 24 48 10 1638144 i_20
B 23 59 25 61
T 24 60 10 1638144 i_25
B 23 71 25 73
T 24 72 10 1638144 i_30
B 23 83 25 85
T 24 84 10 1638144 i_35
B 23 95 25 97
T 24 96 10 1638144 i_40
B 23 35 25 37
T 24 36 10 1638144 i_15
B 23 23 25 25
T 24 24 10 1638144 i_10
B 35 35 37 37
T 36 36 10 1638144 q_15
B 35 59 37 61
T 36 60 10 1638144 q_25
B 35 23 37 25
T 36 24 10 1638144 q_10
B 35 95 37 97
T 36 96 10 1638144 q_40
B 35 83 37 85
T 36 84 10 1638144 q_35
B 35 71 37 73
T 36 72 10 1638144 q_30
B 35 47 37 49
T 36 48 10 1638144 q_20
