; structure creation     : 64895/55998/236 (0:116:6)
; structure modification : 64895/55998/236 (0:116:6)
; structure name : na2_x1
L 1
B -3 60 51 127
L 2
B -3 -3 51 51
L 8
B 7 7 15 46
B 4 7 15 44
B 7 7 15 46
B 5 103 15 113
B 19 91 29 101
B 19 79 29 89
B 4 16 39 44
B 7 14 37 46
B 4 14 37 44
B 33 103 43 113
L 9
B 4 76 15 113
B 25 2 44 12
B 25 2 44 13
B 33 76 44 113
B 4 76 44 104
L 4
B 6 9 13 42
B 6 78 13 111
B 27 4 42 10
B 27 4 42 11
B 6 18 37 42
B 35 78 42 111
B 6 78 42 102
L 7
B 8 68 18 76
B 16 14 18 106
B 25 14 27 47
B 30 45 40 52
B 32 44 40 52
B 25 45 40 47
B 30 45 32 106
L 6
B 19 79 29 89
B 19 91 29 101
B 5 103 15 113
B 33 103 43 113
B 21 76 41 104
B 18 76 30 104
B 7 76 27 104
B 4 76 15 113
B 33 76 44 113
B 33 76 44 113
B 4 76 15 113
B 7 76 27 104
B 18 76 30 104
B 21 76 41 104
L 5
B 29 19 39 29
B 5 7 15 17
B 4 7 15 44
B 28 16 39 44
B 16 14 37 46
B 7 14 27 46
B 7 14 27 46
B 16 14 37 46
B 28 16 39 44
B 4 7 15 44
L 3
B -1 -1 49 49
B -1 62 49 125
L 10
B 29 6 31 8
B 33 23 35 25
B 9 11 11 13
B 23 83 25 85
B 23 95 25 97
B 9 107 11 109
B 37 107 39 109
L 12
B 27 4 33 10
B 31 21 37 27
B 7 9 13 15
B 33 45 39 51
B 21 81 27 87
B 21 93 27 99
B 7 105 13 111
B 35 105 41 111
B 9 69 15 75
B 21 21 27 99
B 21 21 37 27
B -3 -1 51 15
T 11 3 10 1638144 vss
B -3 105 51 121
T 11 109 10 1638144 vdd
B 9 21 15 99
B 33 33 39 99
B 9 21 15 99
T 11 41 10 1638144 i0
B 33 33 39 99
T 35 50 10 1638144 i1
B 21 21 27 99
T 23 41 10 1638144 nq
B 21 21 27 99
B 33 33 39 99
B 9 21 15 99
B 33 33 39 99
B 9 21 15 99
B -3 105 51 121
B -3 -1 51 15
B 21 21 37 27
B 21 21 27 99
L 11
B 35 47 37 49
B 11 71 13 73
L 31
B 11 95 13 97
T 12 96 10 1638144 i0_40
B 11 83 13 85
T 12 84 10 1638144 i0_35
B 11 71 13 73
T 12 72 10 1638144 i0_30
B 11 59 13 61
T 12 60 10 1638144 i0_25
B 11 47 13 49
T 12 48 10 1638144 i0_20
B 11 35 13 37
T 12 36 10 1638144 i0_15
B 11 23 13 25
T 12 24 10 1638144 i0_10
B 35 35 37 37
T 36 36 10 1638144 i1_15
B 35 47 37 49
T 36 48 10 1638144 i1_20
B 35 59 37 61
T 36 60 10 1638144 i1_25
B 35 71 37 73
T 36 72 10 1638144 i1_30
B 35 83 37 85
T 36 84 10 1638144 i1_35
B 35 95 37 97
T 36 96 10 1638144 i1_40
B 23 95 25 97
T 24 96 10 1638144 nq_40
B 23 83 25 85
T 24 84 10 1638144 nq_35
B 23 71 25 73
T 24 72 10 1638144 nq_30
B 23 59 25 61
T 24 60 10 1638144 nq_25
B 23 47 25 49
T 24 48 10 1638144 nq_20
B 23 35 25 37
T 24 36 10 1638144 nq_15
B 23 23 25 25
T 24 24 10 1638144 nq_10
