; structure creation     : 15/2/17 (14:26:16)
; structure modification : 16/2/17 (19:55:45)
; structure name : and3
L 1
B 43 69 76 120
B -8 69 49 120
L 2
B -8 1 49 42
B 43 1 76 42
L 3
B 45 71 74 118
B -6 71 47 118
B -6 3 47 40
B 45 3 74 40
L 4
B 48 109 66 115
B 2 109 44 115
B 48 26 66 32
B 48 6 66 12
B 48 75 66 93
B 2 6 44 12
B 2 75 44 93
B 2 26 44 32
L 7
B 50 48 56 54
B 28 48 34 54
B 16 48 22 54
B 4 48 10 54
B 56 23 58 96
B 34 23 36 96
B 22 23 24 96
B 10 23 12 96
L 8
B 46 107 68 117
B 0 107 46 117
B 46 24 68 34
B 0 24 46 34
L 9
B 46 4 68 14
B 46 73 68 95
B 0 73 46 95
B 0 4 46 14
L 10
B 58 111 60 113
B 54 111 56 113
B 62 111 64 113
B 50 111 52 113
B 40 111 42 113
B 32 111 34 113
B 36 111 38 113
B 28 111 30 113
B 20 111 22 113
B 24 111 26 113
B 4 111 6 113
B 16 111 18 113
B 8 111 10 113
B 12 111 14 113
B 62 28 64 30
B 50 28 52 30
B 58 8 60 10
B 54 8 56 10
B 62 8 64 10
B 50 8 52 10
B 62 85 64 87
B 62 89 64 91
B 50 85 52 87
B 50 89 52 91
B 62 77 64 79
B 62 81 64 83
B 50 77 52 79
B 50 81 52 83
B 40 8 42 10
B 32 8 34 10
B 36 8 38 10
B 40 81 42 83
B 40 77 42 79
B 40 89 42 91
B 40 85 42 87
B 40 28 42 30
B 28 8 30 10
B 20 8 22 10
B 24 8 26 10
B 16 81 18 83
B 16 77 18 79
B 16 89 18 91
B 16 85 18 87
B 28 81 30 83
B 28 77 30 79
B 28 89 30 91
B 28 85 30 87
B 4 81 6 83
B 4 77 6 79
B 4 89 6 91
B 4 85 6 87
B 4 8 6 10
B 16 8 18 10
B 8 8 10 10
B 12 8 14 10
B 4 28 6 30
L 11
B 52 50 54 52
B 30 50 32 52
B 18 50 20 52
B 6 50 8 52
L 12
B 46 109 68 121
B 48 75 54 109
B 0 109 46 121
B 26 75 32 109
B 2 75 8 109
B 44 48 50 54
B 46 0 68 12
B 60 26 66 93
B 48 12 54 32
B 50 48 56 54
B 60 36 68 44
B 26 53 34 61
B 28 48 34 54
B 38 71 44 93
B 38 26 44 71
B 0 0 46 12
B 14 71 20 93
B 2 12 8 32
B 14 53 22 61
B 2 53 10 61
B 16 48 22 54
B 4 48 10 54
B 14 65 38 71
; [strans] magnification(x 4) not supported
; [strans] magnification(x 4) not supported
; [strans] magnification(x 4) not supported
; [strans] magnification(x 4) not supported
; [strans] magnification(x 4) not supported
; [strans] magnification(x 4) not supported
L 13
B 62 38 66 42
B 28 55 32 59
B 16 55 20 59
B 4 55 8 59
L 14
B 60 36 68 44
B 26 53 34 61
B 14 53 22 61
B 2 53 10 61
