; structure creation     : 15/2/17 (9:30:33)
; structure modification : 16/2/17 (19:55:45)
; structure name : CPUTOP
C 544 1300 1 1 0 ka_VIA12
C 544 1040 1 1 0 ka_VIA12
C 520 1040 1 1 0 ka_VIA12
C 508 968 1 1 0 ka_VIA12
C 532 992 1 1 0 ka_VIA12
C 556 1016 1 1 0 ka_VIA12
C 568 1399 1 1 0 ka_VIA12
C 358 1016 1 1 0 ka_VIA12
C 122 992 1 1 0 ka_VIA12
C -114 968 1 1 0 ka_VIA12
C 938 830 1 1 0 ka_VIA12
C 310 1040 1 1 0 ka_VIA12
C 270 1064 1 1 0 ka_VIA12
C -333 167 1 1 0 ka_VIA12
C -381 -69 1 1 0 ka_VIA12
C -393 616 1 1 0 ka_VIA12
C -345 852 1 1 0 ka_VIA12
C -417 99 1 1 0 ka_VIA12
C -393 239 1 1 0 ka_VIA12
C -309 671 1 1 0 ka_VIA12
C -295 623 1 1 0 ka_VIA12
C -265 483 1 1 0 ka_VIA12
C -295 343 1 1 0 ka_VIA12
C -265 203 1 1 0 ka_VIA12
C -295 63 1 1 0 ka_VIA12
C 84 -296 1 1 0 ka_VIA12
C 132 -296 1 1 0 ka_VIA12
C 180 -296 1 1 0 ka_VIA12
C 84 -156 1 1 0 ka_VIA12
C 120 240 1 1 0 ka_VIA12
C 108 74 1 1 0 ka_VIA12
C 120 173 1 1 0 ka_VIA12
C 132 304 1 1 0 ka_VIA12
C 168 520 1 1 0 ka_VIA12
C 192 660 1 1 0 ka_VIA12
C 180 764 1 1 0 ka_VIA12
C 400 -140 1 1 0 ka_ALU5
C 713 1091 1 1 0 ka_PC5
C -817 1851 1 1 4 ka_DECO
C -645 440 1 1 0 ka_REG5
C -645 -245 1 1 0 ka_REG5
C -201 60 1 1 0 ka_SEL5
C 409 1252 1 1 1 ka_REG5
C 192 863 1 1 0 ka_VIA12
C 168 633 1 1 0 ka_VIA12
C 156 534 1 1 0 ka_VIA12
C 144 403 1 1 0 ka_VIA12
C 144 380 1 1 0 ka_VIA12
C 96 -57 1 1 0 ka_VIA12
C 96 100 1 1 0 ka_VIA12
C 156 -296 1 1 0 ka_VIA12
C 108 -296 1 1 0 ka_VIA12
C -287 63 1 1 0 ka_VIA12
C -257 203 1 1 0 ka_VIA12
C -287 343 1 1 0 ka_VIA12
C -257 483 1 1 0 ka_VIA12
C -287 623 1 1 0 ka_VIA12
C -321 659 1 1 0 ka_VIA12
C -333 531 1 1 0 ka_VIA12
C -345 519 1 1 0 ka_VIA12
C -357 391 1 1 0 ka_VIA12
C -369 379 1 1 0 ka_VIA12
C -381 251 1 1 0 ka_VIA12
C -405 111 1 1 0 ka_VIA12
C -321 978 1 1 0 ka_VIA12
C -369 742 1 1 0 ka_VIA12
C -417 506 1 1 0 ka_VIA12
C -405 -179 1 1 0 ka_VIA12
C -357 57 1 1 0 ka_VIA12
C -309 293 1 1 0 ka_VIA12
C 282 1052 1 1 0 ka_VIA12
C 822 1028 1 1 0 ka_VIA12
C 950 600 1 1 0 ka_VIA12
C 962 370 1 1 0 ka_VIA12
C 974 140 1 1 0 ka_VIA12
C 986 -90 1 1 0 ka_VIA12
C -18 980 1 1 0 ka_VIA12
C 218 1004 1 1 0 ka_VIA12
C 146 1028 1 1 0 ka_VIA12
C 544 1004 1 1 0 ka_VIA12
C 520 980 1 1 0 ka_VIA12
C 508 1040 1 1 0 ka_VIA12
C 532 1040 1 1 0 ka_VIA12
C 556 1040 1 1 0 ka_VIA12
C 556 1165 1 1 0 ka_VIA12
C 532 1435 1 1 0 ka_VIA12
L 12
B 541 1297 578 1303
B 517 977 523 1043
B 541 1001 547 1043
B 565 1396 578 1402
B 143 1025 149 1062
B 355 1013 361 1062
B 215 1001 221 1062
B 119 989 125 1062
B -21 977 -15 1062
B 819 970 825 1031
B 307 970 313 1043
B 267 970 273 1067
B 940 137 977 143
B 940 597 953 603
B -415 -182 -402 -176
B -415 54 -354 60
B -415 290 -306 296
B -415 613 -390 619
B -415 849 -342 855
B -396 236 -311 242
B -420 96 -311 102
B -372 376 -311 382
B -348 516 -311 522
B -324 656 -311 662
B 93 -60 190 -54
B 105 71 190 77
B 129 301 190 307
B 84 377 147 383
B 153 531 165 537
B 165 630 190 636
B 84 517 171 523
B 165 531 190 537
B 177 761 190 767
B 84 657 195 663
B 141 400 190 406
B 117 170 190 176
B 84 237 123 243
B 81 -159 190 -153
B 84 97 99 103
B -336 528 -311 534
B -360 388 -311 394
B -408 108 -311 114
B -384 248 -311 254
B -415 975 -318 981
B -415 739 -366 745
B -415 164 -330 170
B -415 -72 -378 -66
B 940 367 965 373
B 940 -93 989 -87
B 279 970 285 1055
B -117 965 -111 1062
B 553 1013 559 1043
B 529 989 535 1043
B 505 965 511 1043
B 553 1162 578 1168
B 529 1432 578 1438
L 14
B 529 1037 535 1438
B 553 1037 559 1168
W 6 310 1040 496 1040 496 1093
W 6 484 1083 484 1052 282 1052
B -252 1467 -246 1734
B 143 1025 307 1031
B 577 1025 825 1031
B 355 1013 743 1019
B 215 1001 929 1007
B 119 989 929 995
B -21 977 929 983
W 6 986 -90 986 1016 932 1016
W 6 974 140 974 1004 932 1004
W 6 962 370 962 992 932 992
W 6 950 600 950 980 932 980
B 929 965 941 971
B -312 290 -306 674
B -360 54 -354 394
B -408 -182 -402 114
B -396 236 -390 619
B -348 516 -342 855
B -420 96 -414 509
B 177 -299 183 767
B 129 -299 135 307
B 81 -299 87 -153
B 141 377 147 406
B 165 517 171 636
B 189 657 195 866
B 117 170 123 243
B 93 -60 99 103
B 105 -299 111 77
B 153 -299 159 537
B -324 656 -318 981
B -372 376 -366 745
B -384 -72 -378 254
B -336 164 -330 534
B 935 827 941 970
B 743 1013 929 1019
B -117 965 929 971
B 565 1025 571 1402
B 577 1025 583 1177
B 307 1025 571 1031
W 6 472 1095 472 1064 270 1064
B 541 1037 547 1303
