; structure creation     : 15/2/17 (14:24:26)
; structure modification : 16/2/17 (19:55:45)
; structure name : PC5
L 12
; [strans] magnification(x 10) not supported
; [strans] magnification(x 10) not supported
; [strans] magnification(x 10) not supported
; [strans] magnification(x 10) not supported
; [strans] magnification(x 10) not supported
; [strans] magnification(x 10) not supported
B -95 270 0 282
B -95 540 0 552
B 373 270 490 282
B 397 540 490 552
B 0 -25 238 12
W 6 425 29 527 29
W 6 437 155 527 155
W 6 -64 654 -64 722
W 6 -28 614 -132 614
W 6 -52 173 -28 173
W 6 -28 296 -64 296
W 6 -52 443 -28 443
W 6 -28 566 -64 566
W 6 -52 578 -28 578
W 6 413 609 449 609
W 6 413 597 461 597
W 6 401 450 461 450
W 6 389 315 449 315
W 6 389 327 437 327
W 6 389 339 425 339
W 6 333 155 437 155
W 6 333 167 425 167
W 6 254 29 425 29
W 6 -16 86 -16 50
W 6 -16 356 -16 320
W 6 -16 491 -16 455
W 6 -16 626 -16 590
W 6 -16 221 -16 185
W 6 401 486 425 486
W 6 401 462 449 462
W 6 401 474 437 474
W 6 413 621 437 621
W 6 -28 431 -64 431
W 6 -52 308 -28 308
W 6 -28 161 -64 161
W 6 -52 308 -132 308
W 6 -28 479 -132 479
W 6 -28 344 -132 344
W 6 -28 209 -132 209
W 6 -28 74 -132 74
W 6 -40 654 -40 722
W 6 413 585 527 585
W 6 461 450 527 450
W 6 449 315 527 315
B 0 649 397 715
B 385 405 490 417
B 317 135 490 147
B -95 405 0 417
B -95 135 0 147
B 385 514 520 526
B 373 379 520 391
B 317 244 520 256
B 238 109 520 121
B -125 109 0 121
B -125 244 0 256
B -125 379 0 391
B -125 514 0 526
; [strans] magnification(x 10) not supported
; [strans] magnification(x 10) not supported
; [strans] magnification(x 10) not supported
; [strans] magnification(x 10) not supported
; [strans] magnification(x 10) not supported
; [strans] magnification(x 10) not supported
; [strans] magnification(x 10) not supported
L 14
; [strans] magnification(x 20) not supported
W 6 -64 654 -64 566
W 20 -85 675 -85 -15 480 -15 480 675 -65 675
W 6 -52 578 -52 38
W 6 -20 38 -52 38
W 6 -20 62 -40 62
W 6 -20 161 -28 161
W 6 -20 209 -28 209
W 6 -20 308 -28 308
W 6 -20 332 -40 332
W 6 -20 431 -28 431
W 6 -20 479 -28 479
W 6 -20 614 -28 614
W 6 389 315 389 289 335 289
W 6 333 166 324 166
W 6 389 327 335 327
W 6 323 462 323 486 401 486
W 6 401 474 335 474 335 462
W 6 401 462 347 462
W 6 461 597 461 450
W 6 413 633 425 633
W 6 449 609 449 315
W 6 437 621 437 155
W 6 413 633 323 633 323 597
W 6 413 609 347 609 347 597
W 6 222 192 222 154 332 154
W 6 130 193 130 149 17 149
W 6 27 197 27 209 -17 209
W 6 17 149 5 149 5 161 -17 161
W 6 72 197 72 161 27 161
W 6 51 197 51 173 37 173
W 6 332 569 392 569 392 581
W 6 332 434 380 434 380 446
W 6 72 602 72 566 27 566
W 6 27 602 27 614 -17 614
W 6 222 597 222 559 332 559
B 206 593 226 610
W 6 37 578 27 578 27 590 -17 590
W 6 39 590 39 613 84 613 84 598
W 6 72 467 72 431 27 431
W 6 27 467 27 479 -17 479
W 6 222 462 222 424 332 424
B 206 458 226 475
W 6 37 443 27 443 27 455 -17 455
W 6 39 455 39 478 84 478 84 463
W 6 51 332 51 308 37 308
W 6 72 332 72 296 27 296
W 6 17 284 5 284 5 296 -17 296
W 6 27 332 27 344 -17 344
W 6 130 328 130 284 17 284
W 6 222 327 222 289 332 289
B 206 53 226 70
W 6 130 58 130 14 17 14
W 6 51 62 51 38 37 38
W 6 6 62 -17 62
W 6 39 50 39 73 84 73 84 58
W 6 27 62 27 74 -17 74
W 6 72 62 72 26 27 26
W 6 37 38 27 38 27 50 -17 50
W 6 27 26 17 26 17 38 -17 38
W 6 17 14 5 14 5 26 -17 26
W 6 233 40 233 86 -17 86
W 6 222 57 222 29 252 29
W 6 246 327 246 299 332 299
B 206 323 226 340
W 6 6 332 -17 332
W 6 37 308 27 308 27 320 -17 320
W 6 27 296 17 296 17 308 -17 308
W 6 39 320 39 343 84 343 84 328
W 6 -16 356 312 356 312 309
W 6 -16 491 312 491 312 444
W 6 27 431 17 431 17 443 -17 443
W 6 6 467 -17 467
W 6 246 462 246 434 332 434
W 6 130 463 130 419 17 419
W 6 17 419 5 419 5 431 -17 431
W 6 51 467 51 443 37 443
W 6 -16 626 312 626 312 579
W 6 27 566 17 566 17 578 -17 578
W 6 6 602 -17 602
W 6 246 597 246 569 332 569
W 6 130 598 130 554 17 554
W 6 17 554 5 554 5 566 -17 566
W 6 51 602 51 578 37 578
W 6 332 299 368 299 368 311
W 6 -16 221 312 221 312 174
W 6 39 185 39 208 84 208 84 193
W 6 27 161 17 161 17 173 -17 173
W 6 37 173 27 173 27 185 -17 185
W 6 6 197 -17 197
B 206 188 226 205
W 6 246 192 246 164 314 164
W 6 359 597 412 597
W 6 335 597 335 621 413 621
W 6 425 633 425 29
W 6 332 559 413 559 413 585
W 6 332 424 401 424 401 450
W 6 314 164 322 164
W 6 389 339 323 339 323 327
W 6 -20 578 -28 578
W 6 -20 566 -28 566
W 6 -20 467 -40 467
W 6 -20 443 -28 443
W 6 -20 344 -28 344
W 6 -20 296 -28 296
W 6 -20 197 -40 197
W 6 -20 173 -28 173
W 6 -20 74 -28 74
W 6 -20 26 -64 26
W 6 -64 566 -64 26
W 6 -40 602 -40 62
W 6 -17 602 -40 602
W 20 -115 705 510 705 510 -45 -115 -45 -115 685
W 6 -40 578 -40 654
; [strans] magnification(x 20) not supported
C 0 135 1 1 0 ka_MUXX2
C 0 405 1 1 0 ka_MUXX2
C -119 520 1 1 0 ka_VIA12
C -111 520 1 1 0 ka_VIA12
C -119 385 1 1 0 ka_VIA12
C -111 385 1 1 0 ka_VIA12
C -119 250 1 1 0 ka_VIA12
C -111 250 1 1 0 ka_VIA12
C -119 115 1 1 0 ka_VIA12
C -111 115 1 1 0 ka_VIA12
C 506 115 1 1 0 ka_VIA12
C 514 115 1 1 0 ka_VIA12
C 506 250 1 1 0 ka_VIA12
C 514 250 1 1 0 ka_VIA12
C 506 385 1 1 0 ka_VIA12
C 514 385 1 1 0 ka_VIA12
C 506 520 1 1 0 ka_VIA12
C 514 520 1 1 0 ka_VIA12
C 476 546 1 1 0 ka_VIA12
C 484 546 1 1 0 ka_VIA12
C 7 -19 1 1 0 ka_VIA12
C 7 -11 1 1 0 ka_VIA12
C 15 -19 1 1 0 ka_VIA12
C 15 -11 1 1 0 ka_VIA12
C 23 -19 1 1 0 ka_VIA12
C 23 -11 1 1 0 ka_VIA12
C 31 -19 1 1 0 ka_VIA12
C 31 -11 1 1 0 ka_VIA12
C 39 -19 1 1 0 ka_VIA12
C 39 -11 1 1 0 ka_VIA12
C 47 -19 1 1 0 ka_VIA12
C 47 -11 1 1 0 ka_VIA12
C 55 -19 1 1 0 ka_VIA12
C 55 -11 1 1 0 ka_VIA12
C 63 -19 1 1 0 ka_VIA12
C 63 -11 1 1 0 ka_VIA12
C 71 -19 1 1 0 ka_VIA12
C 71 -11 1 1 0 ka_VIA12
C 79 -19 1 1 0 ka_VIA12
C 79 -11 1 1 0 ka_VIA12
C 87 -19 1 1 0 ka_VIA12
C 87 -11 1 1 0 ka_VIA12
C 95 -19 1 1 0 ka_VIA12
C 95 -11 1 1 0 ka_VIA12
C 103 -19 1 1 0 ka_VIA12
C 103 -11 1 1 0 ka_VIA12
C 111 -19 1 1 0 ka_VIA12
C 111 -11 1 1 0 ka_VIA12
C 119 -19 1 1 0 ka_VIA12
C 119 -11 1 1 0 ka_VIA12
C 127 -19 1 1 0 ka_VIA12
C 127 -11 1 1 0 ka_VIA12
C 135 -19 1 1 0 ka_VIA12
C 135 -11 1 1 0 ka_VIA12
C 143 -19 1 1 0 ka_VIA12
C 143 -11 1 1 0 ka_VIA12
C 151 -19 1 1 0 ka_VIA12
C 151 -11 1 1 0 ka_VIA12
C 159 -19 1 1 0 ka_VIA12
C 159 -11 1 1 0 ka_VIA12
C 167 -19 1 1 0 ka_VIA12
C 167 -11 1 1 0 ka_VIA12
C 175 -19 1 1 0 ka_VIA12
C 175 -11 1 1 0 ka_VIA12
C 183 -19 1 1 0 ka_VIA12
C 183 -11 1 1 0 ka_VIA12
C 191 -19 1 1 0 ka_VIA12
C 191 -11 1 1 0 ka_VIA12
C 199 -19 1 1 0 ka_VIA12
C 199 -11 1 1 0 ka_VIA12
C 207 -19 1 1 0 ka_VIA12
C 207 -11 1 1 0 ka_VIA12
C 215 -19 1 1 0 ka_VIA12
C 215 -11 1 1 0 ka_VIA12
C 223 -19 1 1 0 ka_VIA12
C 223 -11 1 1 0 ka_VIA12
C 231 -19 1 1 0 ka_VIA12
C 231 -11 1 1 0 ka_VIA12
C -64 654 1 1 0 ka_VIA12
C -52 173 1 1 0 ka_VIA12
C -64 296 1 1 0 ka_VIA12
C -64 431 1 1 0 ka_VIA12
C -52 578 1 1 0 ka_VIA12
C -28 74 1 1 0 ka_VIA12
C -28 173 1 1 0 ka_VIA12
C -28 344 1 1 0 ka_VIA12
C -28 296 1 1 0 ka_VIA12
C -28 443 1 1 0 ka_VIA12
C -28 566 1 1 0 ka_VIA12
C 425 29 1 1 0 ka_VIA12
C 425 167 1 1 0 ka_VIA12
C 437 327 1 1 0 ka_VIA12
C 333 167 1 1 0 ka_VIA12
C 333 155 1 1 0 ka_VIA12
C 389 339 1 1 0 ka_VIA12
C 461 450 1 1 0 ka_VIA12
C 437 474 1 1 0 ka_VIA12
C 401 486 1 1 0 ka_VIA12
C 461 597 1 1 0 ka_VIA12
C 449 609 1 1 0 ka_VIA12
C 413 585 1 1 0 ka_VIA12
C 413 609 1 1 0 ka_VIA12
C 56 135 1 1 0 ka_dff_r
C -16 590 1 1 0 ka_VIA12
C -16 491 1 1 0 ka_VIA12
C -16 356 1 1 0 ka_VIA12
C -16 185 1 1 4 ka_VIA12
C 317 405 1 1 0 ka_and3
C 217 405 1 1 0 ka_xor2
C 56 405 1 1 0 ka_dff_r
C 56 540 1 1 0 ka_dff_r
C 217 540 1 1 0 ka_xor2
C 216 0 1 1 0 ka_invv1
C 56 0 1 1 0 ka_dff_r
C 56 270 1 1 0 ka_dff_r
C 217 270 1 1 0 ka_xor2
C 317 540 1 1 0 ka_and4
C 317 270 1 1 0 ka_and2
C -16 86 1 1 0 ka_VIA12
C -16 50 1 1 0 ka_VIA12
C -16 221 1 1 4 ka_VIA12
C -16 320 1 1 0 ka_VIA12
C -16 455 1 1 0 ka_VIA12
C -16 626 1 1 0 ka_VIA12
C 217 135 1 1 0 ka_xor2
C 413 597 1 1 0 ka_VIA12
C 413 621 1 1 0 ka_VIA12
C 437 621 1 1 0 ka_VIA12
C 401 462 1 1 0 ka_VIA12
C 401 474 1 1 0 ka_VIA12
C 401 450 1 1 0 ka_VIA12
C 425 486 1 1 0 ka_VIA12
C 449 462 1 1 0 ka_VIA12
C 389 327 1 1 0 ka_VIA12
C 389 315 1 1 0 ka_VIA12
C 254 29 1 1 0 ka_VIA12
C 425 339 1 1 0 ka_VIA12
C 449 315 1 1 0 ka_VIA12
C 437 155 1 1 0 ka_VIA12
C -28 614 1 1 0 ka_VIA12
C -28 578 1 1 0 ka_VIA12
C -28 431 1 1 0 ka_VIA12
C -28 479 1 1 0 ka_VIA12
C -28 308 1 1 0 ka_VIA12
C -28 161 1 1 0 ka_VIA12
C -28 209 1 1 0 ka_VIA12
C -64 566 1 1 0 ka_VIA12
C -52 443 1 1 0 ka_VIA12
C -52 308 1 1 0 ka_VIA12
C -64 161 1 1 0 ka_VIA12
C -40 654 1 1 0 ka_VIA12
C 7 701 1 1 0 ka_VIA12
C 7 709 1 1 0 ka_VIA12
C 15 701 1 1 0 ka_VIA12
C 15 709 1 1 0 ka_VIA12
C 23 701 1 1 0 ka_VIA12
C 23 709 1 1 0 ka_VIA12
C 31 701 1 1 0 ka_VIA12
C 31 709 1 1 0 ka_VIA12
C 39 701 1 1 0 ka_VIA12
C 39 709 1 1 0 ka_VIA12
C 47 701 1 1 0 ka_VIA12
C 47 709 1 1 0 ka_VIA12
C 55 701 1 1 0 ka_VIA12
C 55 709 1 1 0 ka_VIA12
C 63 701 1 1 0 ka_VIA12
C 63 709 1 1 0 ka_VIA12
C 71 701 1 1 0 ka_VIA12
C 71 709 1 1 0 ka_VIA12
C 79 701 1 1 0 ka_VIA12
C 79 709 1 1 0 ka_VIA12
C 87 701 1 1 0 ka_VIA12
C 87 709 1 1 0 ka_VIA12
C 95 701 1 1 0 ka_VIA12
C 95 709 1 1 0 ka_VIA12
C 103 701 1 1 0 ka_VIA12
C 103 709 1 1 0 ka_VIA12
C 111 701 1 1 0 ka_VIA12
C 111 709 1 1 0 ka_VIA12
C 119 701 1 1 0 ka_VIA12
C 119 709 1 1 0 ka_VIA12
C 127 701 1 1 0 ka_VIA12
C 127 709 1 1 0 ka_VIA12
C 135 701 1 1 0 ka_VIA12
C 135 709 1 1 0 ka_VIA12
C 143 701 1 1 0 ka_VIA12
C 143 709 1 1 0 ka_VIA12
C 151 701 1 1 0 ka_VIA12
C 151 709 1 1 0 ka_VIA12
C 159 701 1 1 0 ka_VIA12
C 159 709 1 1 0 ka_VIA12
C 167 701 1 1 0 ka_VIA12
C 167 709 1 1 0 ka_VIA12
C 175 701 1 1 0 ka_VIA12
C 175 709 1 1 0 ka_VIA12
C 183 701 1 1 0 ka_VIA12
C 183 709 1 1 0 ka_VIA12
C 191 701 1 1 0 ka_VIA12
C 191 709 1 1 0 ka_VIA12
C 199 701 1 1 0 ka_VIA12
C 199 709 1 1 0 ka_VIA12
C 207 701 1 1 0 ka_VIA12
C 207 709 1 1 0 ka_VIA12
C 215 701 1 1 0 ka_VIA12
C 215 709 1 1 0 ka_VIA12
C 223 701 1 1 0 ka_VIA12
C 223 709 1 1 0 ka_VIA12
C 231 701 1 1 0 ka_VIA12
C 231 709 1 1 0 ka_VIA12
C 239 701 1 1 0 ka_VIA12
C 239 709 1 1 0 ka_VIA12
C 247 701 1 1 0 ka_VIA12
C 247 709 1 1 0 ka_VIA12
C 255 701 1 1 0 ka_VIA12
C 255 709 1 1 0 ka_VIA12
C 263 701 1 1 0 ka_VIA12
C 263 709 1 1 0 ka_VIA12
C 271 701 1 1 0 ka_VIA12
C 271 709 1 1 0 ka_VIA12
C 279 701 1 1 0 ka_VIA12
C 279 709 1 1 0 ka_VIA12
C 287 701 1 1 0 ka_VIA12
C 287 709 1 1 0 ka_VIA12
C 295 701 1 1 0 ka_VIA12
C 295 709 1 1 0 ka_VIA12
C 303 701 1 1 0 ka_VIA12
C 303 709 1 1 0 ka_VIA12
C 311 701 1 1 0 ka_VIA12
C 311 709 1 1 0 ka_VIA12
C 319 701 1 1 0 ka_VIA12
C 319 709 1 1 0 ka_VIA12
C 327 701 1 1 0 ka_VIA12
C 327 709 1 1 0 ka_VIA12
C 335 701 1 1 0 ka_VIA12
C 335 709 1 1 0 ka_VIA12
C 343 701 1 1 0 ka_VIA12
C 343 709 1 1 0 ka_VIA12
C 351 701 1 1 0 ka_VIA12
C 351 709 1 1 0 ka_VIA12
C 359 701 1 1 0 ka_VIA12
C 359 709 1 1 0 ka_VIA12
C 367 701 1 1 0 ka_VIA12
C 367 709 1 1 0 ka_VIA12
C 375 701 1 1 0 ka_VIA12
C 375 709 1 1 0 ka_VIA12
C 383 701 1 1 0 ka_VIA12
C 383 709 1 1 0 ka_VIA12
C 391 701 1 1 0 ka_VIA12
C 391 709 1 1 0 ka_VIA12
C 476 411 1 1 0 ka_VIA12
C 484 411 1 1 0 ka_VIA12
C 476 276 1 1 0 ka_VIA12
C 484 276 1 1 0 ka_VIA12
C 476 141 1 1 0 ka_VIA12
C 484 141 1 1 0 ka_VIA12
C -89 141 1 1 0 ka_VIA12
C -81 141 1 1 0 ka_VIA12
C -89 276 1 1 0 ka_VIA12
C -81 276 1 1 0 ka_VIA12
C -89 411 1 1 0 ka_VIA12
C -81 411 1 1 0 ka_VIA12
C -89 546 1 1 0 ka_VIA12
C -81 546 1 1 0 ka_VIA12
C 0 540 1 1 0 ka_MUXX2
C 0 270 1 1 0 ka_MUXX2
C 0 0 1 1 0 ka_MUXX2
