; structure creation     : 15/2/17 (14:25:38)
; structure modification : 16/2/17 (19:55:45)
; structure name : xor2
L 1
B 75 69 108 120
B 53 69 81 120
B -9 69 59 120
L 2
B 75 1 108 42
B 53 1 81 42
B -9 1 59 42
L 3
B 77 71 106 118
B 55 71 79 118
B -7 71 57 118
B 77 3 106 40
B 55 3 79 40
B -7 3 57 40
L 4
B 58 109 76 115
B 80 109 98 115
B 1 109 19 115
B 24 75 54 93
B 24 26 54 32
B 58 75 76 93
B 58 6 76 12
B 58 26 76 32
B 80 75 98 93
B 80 6 98 12
B 80 26 98 32
B 1 6 19 12
B 1 26 19 32
B 1 75 19 93
L 7
B 44 95 46 99
B 32 23 34 96
B 44 72 46 95
B 88 23 90 96
B 66 23 68 96
B 44 18 46 24
B 44 24 46 36
B 26 48 32 54
B 48 48 54 54
B 34 46 54 48
B 82 48 88 54
B 37 52 43 58
B 37 58 67 60
B 23 65 29 71
B 11 65 23 71
B 9 23 11 97
B 9 97 11 99
B 9 99 46 101
B 3 48 9 54
B 20 18 45 20
B 14 16 20 22
L 8
B 56 107 78 117
B 78 107 100 117
B -1 107 56 117
B 56 24 78 34
B 78 24 100 34
B -1 24 56 34
L 9
B 56 73 78 95
B 56 4 78 14
B 78 73 100 95
B 78 4 100 14
B -1 73 56 95
B -1 4 56 14
L 10
B 60 111 62 113
B 72 111 74 113
B 64 111 66 113
B 68 111 70 113
B 82 111 84 113
B 94 111 96 113
B 86 111 88 113
B 90 111 92 113
B 3 111 5 113
B 15 111 17 113
B 7 111 9 113
B 11 111 13 113
B 26 81 28 83
B 26 77 28 79
B 38 81 40 83
B 38 77 40 79
B 26 89 28 91
B 26 85 28 87
B 38 89 40 91
B 38 85 40 87
B 26 28 28 30
B 38 28 40 30
B 50 81 52 83
B 50 77 52 79
B 50 89 52 91
B 50 85 52 87
B 50 28 52 30
B 60 81 62 83
B 60 77 62 79
B 72 81 74 83
B 72 77 74 79
B 60 89 62 91
B 60 85 62 87
B 72 89 74 91
B 72 85 74 87
B 60 8 62 10
B 72 8 74 10
B 64 8 66 10
B 68 8 70 10
B 60 28 62 30
B 72 28 74 30
B 82 81 84 83
B 82 77 84 79
B 94 81 96 83
B 94 77 96 79
B 82 89 84 91
B 82 85 84 87
B 94 89 96 91
B 94 85 96 87
B 82 8 84 10
B 94 8 96 10
B 86 8 88 10
B 90 8 92 10
B 82 28 84 30
B 94 28 96 30
B 3 8 5 10
B 7 8 9 10
B 3 28 5 30
B 15 8 17 10
B 11 8 13 10
B 15 28 17 30
B 15 81 17 83
B 15 77 17 79
B 15 89 17 91
B 15 85 17 87
B 3 81 5 83
B 3 77 5 79
B 3 89 5 91
B 3 85 5 87
L 11
B 28 50 30 52
B 50 50 52 52
B 84 50 86 52
B 39 54 41 56
B 25 67 27 69
B 5 50 7 52
B 16 18 18 20
L 12
B 58 75 64 109
B 56 109 78 121
B 80 75 86 109
B 78 109 100 121
B -1 109 56 121
B 1 75 7 109
B 24 53 32 61
B 26 48 32 54
B 36 26 42 93
B 48 26 54 93
B 58 12 64 32
B 70 26 76 93
B 56 0 78 12
B 48 48 54 54
B 92 36 100 44
B 82 48 88 54
B 80 12 86 32
B 92 26 98 93
B 78 0 100 12
B 76 48 82 54
B 37 52 43 58
B 23 65 29 71
B 24 65 30 93
B -1 0 56 12
B 1 12 7 32
B 13 26 19 93
B 19 26 30 32
B 1 53 9 61
B 3 48 9 54
B 14 16 20 22
B 13 16 19 26
; [strans] magnification(x 4) not supported
; [strans] magnification(x 4) not supported
; [strans] magnification(x 4) not supported
; [strans] magnification(x 4) not supported
; [strans] magnification(x 4) not supported
L 13
B 26 55 30 59
B 94 38 98 42
B 3 55 7 59
L 14
B 24 53 32 61
B 92 36 100 44
B 1 53 9 61
