; structure creation     : 15/2/17 (3:58:40)
; structure modification : 16/2/17 (19:55:45)
; structure name : ALU1
L 1
B 325 -105 375 -51
B 245 -105 295 -51
B 107 -105 157 -51
B 107 69 157 123
B 88 -105 107 -51
B 88 69 107 123
B -14 69 -8 123
B -70 -105 -32 -51
B -32 -105 -8 -51
B -8 69 42 123
B 245 -105 295 -51
B 233 69 305 123
B 291 -105 329 -51
B 325 -105 375 -51
B 371 -105 409 -51
B 305 69 313 123
L 2
B 297 4 299 14
B 377 4 379 14
B 325 -24 375 18
B 245 -24 295 18
B 107 -24 157 18
B 107 0 157 42
B -14 0 -8 42
B 88 -24 107 42
B -70 -24 -32 18
B -32 -24 -8 0
B -8 0 42 42
B 245 -24 295 18
B 233 0 305 42
B 291 -24 329 18
B 325 -24 375 18
B 371 -24 409 18
B 305 0 313 42
L 3
B 327 -103 373 -53
B 327 -22 373 16
B 247 -103 293 -53
B 247 -22 293 16
B 109 -103 155 -53
B 109 -22 155 16
B 109 71 155 121
B 109 2 155 40
B -16 2 -6 40
B -16 71 -6 121
B 86 71 109 121
B 86 -103 109 -53
B 86 -22 109 40
B -68 -103 -34 -53
B -68 -22 -34 16
B -34 -103 -6 -53
B -34 -22 -6 2
B -6 71 40 121
B -6 2 40 40
B 247 -22 293 16
B 247 -103 293 -53
B 235 2 303 40
B 235 71 303 121
B 293 -103 327 -53
B 293 -22 327 16
B 327 -22 373 16
B 327 -103 373 -53
B 373 -103 407 -53
B 373 -22 407 16
B 303 71 315 121
B 303 2 315 40
L 4
B 335 -95 365 -89
B 335 6 365 12
B 335 -14 365 -8
B 335 -75 365 -57
B 255 -95 285 -89
B 255 6 285 12
B 255 -14 285 -8
B 255 -75 285 -57
B 117 -95 147 -89
B 117 6 147 12
B 117 -14 147 -8
B 117 -75 147 -57
B 117 107 147 113
B 117 6 147 12
B 117 26 147 32
B 117 75 147 93
B -60 -95 -42 -89
B -60 -14 -42 -8
B -60 6 -42 12
B -60 -75 -42 -57
B 2 107 32 113
B 2 6 32 12
B 2 26 32 32
B 2 75 32 93
B 255 -14 285 -8
B 255 6 285 12
B 265 26 295 32
B 265 75 295 93
B 243 26 261 32
B 243 75 261 93
B 243 107 295 113
B 243 6 295 12
B 301 -95 319 -89
B 301 -14 319 -8
B 301 6 319 12
B 301 -75 319 -57
B 335 -14 365 -8
B 335 6 365 12
B 335 -95 365 -89
B 381 -95 399 -89
B 381 -14 399 -8
B 381 6 399 12
B 381 -75 399 -57
L 7
B 337 -36 343 -30
B 349 -36 355 -30
B 343 -78 345 -5
B 355 -78 357 -5
B 263 -78 265 -5
B 275 -78 277 -5
B 257 -36 263 -30
B 269 -36 275 -30
B 119 -36 125 -30
B 131 -36 137 -30
B 125 -78 127 -5
B 137 -78 139 -5
B 119 48 125 54
B 131 48 137 54
B 125 23 127 96
B 137 23 139 96
B -52 -78 -50 -5
B -58 -36 -52 -30
B 4 48 10 54
B 16 48 22 54
B 10 23 12 96
B 22 23 24 96
B 269 -36 275 -30
B 257 -36 263 -30
B 285 24 287 35
B 273 23 275 34
B 251 23 253 96
B 285 73 287 96
B 273 72 275 95
B 285 69 287 73
B 253 65 287 69
B 245 53 251 59
B 253 37 275 42
B 273 34 275 37
B 273 95 275 97
B 285 22 287 24
B 281 16 287 22
B 269 97 275 103
B 309 -78 311 -5
B 303 -36 309 -30
B 349 -36 355 -30
B 337 -36 343 -30
B 389 -78 391 -5
B 383 -36 389 -30
L 8
B 333 -97 367 -87
B 333 -16 367 -6
B 253 -97 287 -87
B 253 -16 287 -6
B 115 -97 149 -87
B 115 -16 149 -6
B 115 105 149 115
B 115 24 149 34
B -62 -97 -40 -87
B -62 -16 -40 -6
B 0 105 34 115
B 0 24 34 34
B 253 -16 287 -6
B 241 105 297 115
B 241 24 297 34
B 299 -97 321 -87
B 299 -16 321 -6
B 333 -16 367 -6
B 333 -97 367 -87
B 379 -97 401 -87
B 379 -16 401 -6
L 9
B 333 4 367 14
B 333 -77 367 -55
B 253 4 287 14
B 253 -77 287 -55
B 115 4 149 14
B 115 -77 149 -55
B 115 4 149 14
B 115 73 149 95
B -62 4 -40 14
B -62 -77 -40 -55
B 0 4 34 14
B 0 73 34 95
B 253 4 287 14
B 241 4 297 14
B 241 73 297 95
B 299 4 321 14
B 299 -77 321 -55
B 333 4 367 14
B 379 4 401 14
B 379 -77 401 -55
L 10
B 127 8 129 10
B 123 8 125 10
B 131 8 133 10
B 119 8 121 10
B 139 8 141 10
B 245 81 247 83
B 245 77 247 79
B 245 89 247 91
B 245 85 247 87
B 245 8 247 10
B 249 8 251 10
B 253 8 255 10
B 245 28 247 30
B 245 109 247 111
B 249 109 251 111
B 253 109 255 111
B 28 8 30 10
B 20 8 22 10
B 24 8 26 10
B 28 109 30 111
B 20 109 22 111
B 24 109 26 111
B 16 81 18 83
B 16 77 18 79
B 16 89 18 91
B 16 85 18 87
B 28 81 30 83
B 28 77 30 79
B 28 89 30 91
B 28 85 30 87
B 28 28 30 30
B 4 81 6 83
B 4 77 6 79
B 4 89 6 91
B 4 85 6 87
B 4 8 6 10
B 16 8 18 10
B 8 8 10 10
B 12 8 14 10
B 4 28 6 30
B 4 109 6 111
B 16 109 18 111
B 8 109 10 111
B 12 109 14 111
B 143 8 145 10
B 135 8 137 10
B 139 8 141 10
B 143 109 145 111
B 135 109 137 111
B 139 109 141 111
B 131 81 133 83
B 131 77 133 79
B 131 89 133 91
B 131 85 133 87
B 143 81 145 83
B 143 77 145 79
B 143 89 145 91
B 143 85 145 87
B 143 28 145 30
B 119 81 121 83
B 119 77 121 79
B 119 89 121 91
B 119 85 121 87
B 119 8 121 10
B 131 8 133 10
B 123 8 125 10
B 127 8 129 10
B 119 28 121 30
B 119 109 121 111
B 131 109 133 111
B 123 109 125 111
B 127 109 129 111
B 143 8 145 10
B 135 8 137 10
B 345 8 347 10
B 341 8 343 10
B 349 8 351 10
B 337 8 339 10
B 357 8 359 10
B 353 8 355 10
B 361 8 363 10
B 265 8 267 10
B 261 8 263 10
B 269 8 271 10
B 257 8 259 10
B 277 8 279 10
B 273 8 275 10
B 281 8 283 10
B 277 8 279 10
B 289 8 291 10
B 281 8 283 10
B 285 8 287 10
B 261 8 263 10
B 273 8 275 10
B 265 8 267 10
B 269 8 271 10
B 277 109 279 111
B 289 109 291 111
B 281 109 283 111
B 285 109 287 111
B 261 109 263 111
B 273 109 275 111
B 265 109 267 111
B 269 109 271 111
B 257 81 259 83
B 257 77 259 79
B 257 89 259 91
B 257 85 259 87
B 257 8 259 10
B 257 28 259 30
B 257 109 259 111
B 267 81 269 83
B 267 77 269 79
B 267 89 269 91
B 267 85 269 87
B 267 28 269 30
B 291 81 293 83
B 291 77 293 79
B 291 89 293 91
B 291 85 293 87
B 291 28 293 30
B 279 81 281 83
B 279 77 281 79
B 279 89 281 91
B 279 85 281 87
B 279 28 281 30
B 265 8 267 10
B 261 8 263 10
B 269 8 271 10
B 257 8 259 10
B 277 8 279 10
B 273 8 275 10
B 281 8 283 10
B 311 8 313 10
B 307 8 309 10
B 315 8 317 10
B 303 8 305 10
B 361 8 363 10
B 353 8 355 10
B 357 8 359 10
B 337 8 339 10
B 349 8 351 10
B 341 8 343 10
B 345 8 347 10
B 391 8 393 10
B 387 8 389 10
B 395 8 397 10
B 383 8 385 10
B -50 8 -48 10
B -54 8 -52 10
B -46 8 -44 10
B -58 8 -56 10
B -50 -93 -48 -91
B -54 -93 -52 -91
B -46 -93 -44 -91
B -58 -93 -56 -91
B -46 -12 -44 -10
B -58 -12 -56 -10
B -46 -69 -44 -67
B -46 -73 -44 -71
B -58 -69 -56 -67
B -58 -73 -56 -71
B -46 -61 -44 -59
B -46 -65 -44 -63
B -58 -61 -56 -59
B -58 -65 -56 -63
B 345 -93 347 -91
B 341 -93 343 -91
B 349 -93 351 -91
B 337 -93 339 -91
B 337 -12 339 -10
B 337 -69 339 -67
B 337 -73 339 -71
B 337 -61 339 -59
B 383 -65 385 -63
B 383 -61 385 -59
B 395 -65 397 -63
B 395 -61 397 -59
B 383 -73 385 -71
B 383 -69 385 -67
B 395 -73 397 -71
B 395 -69 397 -67
B 383 -12 385 -10
B 395 -12 397 -10
B 383 -93 385 -91
B 395 -93 397 -91
B 387 -93 389 -91
B 391 -93 393 -91
B 345 -93 347 -91
B 341 -93 343 -91
B 349 -93 351 -91
B 337 -93 339 -91
B 337 -12 339 -10
B 337 -61 339 -59
B 337 -65 339 -63
B 361 -12 363 -10
B 361 -61 363 -59
B 361 -65 363 -63
B 357 -93 359 -91
B 353 -93 355 -91
B 361 -93 363 -91
B 303 -65 305 -63
B 303 -61 305 -59
B 315 -65 317 -63
B 315 -61 317 -59
B 303 -73 305 -71
B 303 -69 305 -67
B 315 -73 317 -71
B 315 -69 317 -67
B 273 -93 275 -91
B 281 -12 283 -10
B 303 -12 305 -10
B 315 -12 317 -10
B 303 -93 305 -91
B 315 -93 317 -91
B 307 -93 309 -91
B 311 -93 313 -91
B 265 -93 267 -91
B 261 -93 263 -91
B 269 -93 271 -91
B 257 -93 259 -91
B 257 -12 259 -10
B 281 -93 283 -91
B 273 -93 275 -91
B 277 -93 279 -91
B 281 -65 283 -63
B 281 -61 283 -59
B 281 -73 283 -71
B 281 -69 283 -67
B 281 -12 283 -10
B 257 -65 259 -63
B 257 -61 259 -59
B 257 -73 259 -71
B 257 -69 259 -67
B 257 -12 259 -10
B 257 -93 259 -91
B 269 -93 271 -91
B 261 -93 263 -91
B 265 -93 267 -91
B 269 -12 271 -10
B 361 -93 363 -91
B 353 -93 355 -91
B 357 -93 359 -91
B 349 -65 351 -63
B 349 -61 351 -59
B 349 -73 351 -71
B 349 -69 351 -67
B 361 -65 363 -63
B 361 -61 363 -59
B 361 -73 363 -71
B 361 -69 363 -67
B 361 -12 363 -10
B 337 -65 339 -63
B 143 -93 145 -91
B 135 -93 137 -91
B 139 -93 141 -91
B 131 -65 133 -63
B 131 -61 133 -59
B 131 -73 133 -71
B 131 -69 133 -67
B 143 -65 145 -63
B 143 -61 145 -59
B 143 -73 145 -71
B 143 -69 145 -67
B 143 -12 145 -10
B 119 -65 121 -63
B 119 -61 121 -59
B 119 -73 121 -71
B 119 -69 121 -67
B 119 -12 121 -10
B 119 -93 121 -91
B 131 -93 133 -91
B 123 -93 125 -91
B 127 -93 129 -91
L 11
B 339 -34 341 -32
B 351 -34 353 -32
B 259 -34 261 -32
B 271 -34 273 -32
B 121 -34 123 -32
B 133 -34 135 -32
B 121 50 123 52
B 133 50 135 52
B -56 -34 -54 -32
B 6 50 8 52
B 18 50 20 52
B 271 -34 273 -32
B 259 -34 261 -32
B 247 55 249 57
B 283 18 285 20
B 271 99 273 101
B 305 -34 307 -32
B 351 -34 353 -32
B 339 -34 341 -32
B 385 -34 387 -32
L 12
B 335 -14 341 6
B 279 -14 285 6
B 255 -14 261 6
B 117 -14 123 6
B -60 -14 -54 6
B 255 -14 261 6
B 301 -14 307 6
B 335 -14 341 6
B 381 -14 387 6
W 6 19 51 19 41 -5 41
W 6 7 51 -5 51
; [strans] magnification(x 0.4) not supported
; [strans] magnification(x 0.4) not supported
; [strans] magnification(x 0.4) not supported
B 386 19 394 27
B 386 46 394 54
B 115 6 149 18
B 119 48 125 54
B 131 48 137 54
B 129 65 141 71
B 117 53 125 61
B 129 53 137 61
B 117 75 123 107
B 117 12 123 32
B 115 0 149 12
B 115 107 149 119
B 141 26 147 71
B 141 75 147 107
B 129 71 135 93
B 141 53 149 61
B 149 0 161 18
B 149 107 161 119
B 418 58 426 66
B 418 46 426 54
B 297 107 321 119
B 377 0 413 12
B 297 0 321 12
B 299 6 321 12
B 333 6 367 12
B 379 6 401 12
B 4 48 10 54
B 16 48 22 54
B 14 65 26 71
B 2 53 10 61
B 14 53 22 61
B 2 75 8 107
B 2 12 8 32
B 0 0 34 12
B 0 107 34 119
B 26 26 32 71
B 26 75 32 107
B 14 71 20 93
B 26 53 34 61
B 34 0 46 18
B 34 107 46 119
B 84 53 92 61
B 95 37 103 45
B 80 107 115 119
B 80 0 115 18
B 195 0 241 18
B 195 107 207 119
B 229 107 241 119
B 241 12 243 18
B 253 6 287 12
B 245 53 251 59
B 243 58 251 66
B 287 58 295 66
B 275 46 283 54
B 265 58 273 66
B 241 0 297 12
B 241 107 297 119
B 255 16 281 22
B 255 97 269 103
B 255 93 261 97
B 281 16 287 22
B 269 97 275 103
B 289 26 295 93
B 265 26 271 93
B 277 26 283 93
B 243 75 249 107
B 255 26 261 93
B 243 12 249 32
W 6 258 19 258 29
W 6 134 51 134 41 110 41
W 6 122 51 110 51
W 6 425 39 433 39 433 61 422 61
W 6 422 39 390 39 390 23
W 6 390 50 420 50
W 6 88 57 110 57 110 51
W 6 110 41 99 41
; [strans] magnification(x 1.2) not supported
; [strans] magnification(x 1.2) not supported
; [strans] magnification(x 0.4) not supported
; [strans] magnification(x 0.4) not supported
; [strans] magnification(x 0.4) not supported
; [strans] magnification(x 0.4) not supported
; [strans] magnification(x 0.4) not supported
; [strans] magnification(x 0.4) not supported
; [strans] magnification(x 0.4) not supported
; [strans] magnification(x 0.4) not supported
; [strans] magnification(x 0.4) not supported
; [strans] magnification(x 0.4) not supported
; [strans] magnification(x 0.4) not supported
; [strans] magnification(x 0.4) not supported
; [strans] magnification(x 0.4) not supported
; [strans] magnification(x 0.4) not supported
; [strans] magnification(x 0.4) not supported
; [strans] magnification(x 0.4) not supported
; [strans] magnification(x 0.4) not supported
; [strans] magnification(x 0.4) not supported
; [strans] magnification(x 0.4) not supported
B -95 110 -87 118
B -22 0 0 12
B -22 107 0 119
B -20 46 -12 54
B -20 58 -12 66
B -62 6 -40 12
B -22 12 0 18
W 6 -90 110 -90 63 -72 63
W 6 -8 41 -15 41 -15 51
W 6 -5 51 -5 62 -16 62
; [strans] magnification(x 0.4) not supported
; [strans] magnification(x 0.4) not supported
; [strans] magnification(x 0.4) not supported
B -79 -85 -71 -77
B -40 -101 0 -89
B -48 -43 -40 -35
B -60 -43 -52 -35
B -80 -21 -72 -13
B -79 -53 -71 -45
B -62 -101 -40 -89
B -60 -89 -54 -57
B -48 -75 -42 -8
B -58 -36 -52 -30
W 6 -57 -38 -75 -38 -75 -16
W 6 -74 -49 -74 -76
; [strans] magnification(x 0.4) not supported
; [strans] magnification(x 0.4) not supported
; [strans] magnification(x 0.4) not supported
B 287 -101 299 -89
B 337 -36 343 -30
B 349 -36 355 -30
B 347 -53 359 -47
B 335 -43 343 -35
B 347 -43 355 -35
B 335 -89 341 -57
B 333 -101 367 -89
B 359 -53 365 -8
B 359 -89 365 -57
B 347 -75 353 -53
B 359 -43 367 -35
B 255 -43 263 -35
B 267 -43 275 -35
B 257 -36 263 -30
B 269 -36 275 -30
B 279 -75 285 -18
B 267 -24 279 -18
B 267 -18 273 -8
B 255 -89 261 -57
B 253 -101 287 -89
B 279 -43 287 -35
B 119 -36 125 -30
B 131 -36 137 -30
B 129 -53 141 -47
B 117 -43 125 -35
B 129 -43 137 -35
B 117 -89 123 -57
B 115 -101 149 -89
B 141 -53 147 -8
B 141 -89 147 -57
B 129 -75 135 -53
B 141 -43 149 -35
B 149 -101 161 -89
B 257 -36 263 -30
B 269 -36 275 -30
B 255 -43 263 -35
B 267 -43 275 -35
B 335 -89 341 -57
B 333 -101 367 -89
B 359 -43 367 -35
B 313 -43 321 -35
B 301 -43 309 -35
B 303 -36 309 -30
B 313 -75 319 -8
B 301 -89 307 -57
B 299 -101 321 -89
B 241 -101 253 -89
B 383 -36 389 -30
B 393 -75 399 -8
B 381 -89 387 -57
B 379 -101 401 -89
B 335 -43 343 -35
B 347 -43 355 -35
B 337 -36 343 -30
B 349 -36 355 -30
B 401 -101 413 -89
B 367 -101 379 -89
B 321 -101 333 -89
B 393 -43 401 -35
B 381 -43 389 -35
B 95 -85 103 -77
B 34 -101 46 -89
B 95 -54 103 -46
B 80 -101 115 -89
B 195 -101 207 -89
W 6 99 -50 99 -81
; [strans] magnification(x 0.4) not supported
; [strans] magnification(x 0.4) not supported
; [strans] magnification(x 0.4) not supported
; [strans] magnification(x 0.4) not supported
; [strans] magnification(x 0.4) not supported
; [strans] magnification(x 0.4) not supported
; [strans] magnification(x 0.4) not supported
; [strans] magnification(x 0.4) not supported
; [strans] magnification(x 1.2) not supported
; [strans] magnification(x 0.4) not supported
; [strans] magnification(x 0.4) not supported
; [strans] magnification(x 0.4) not supported
; [strans] magnification(x 0.4) not supported
; [strans] magnification(x 0.4) not supported
; [strans] magnification(x 0.4) not supported
; [strans] magnification(x 0.4) not supported
; [strans] magnification(x 0.4) not supported
; [strans] magnification(x 0.4) not supported
; [strans] magnification(x 0.4) not supported
; [strans] magnification(x 0.4) not supported
; [strans] magnification(x 0.4) not supported
; [strans] magnification(x 0.4) not supported
; [strans] magnification(x 0.4) not supported
; [strans] magnification(x 0.4) not supported
; [strans] magnification(x 0.4) not supported
; [strans] magnification(x 0.4) not supported
L 13
B -78 -19 -74 -15
B 337 -41 341 -37
B 349 -41 353 -37
B 361 -41 365 -37
B 257 -41 261 -37
B 269 -41 273 -37
B 281 -41 285 -37
B -77 -83 -73 -79
B -93 112 -89 116
B -77 -51 -73 -47
B 119 -41 123 -37
B 131 -41 135 -37
B 143 -41 147 -37
B 119 55 123 59
B 131 55 135 59
B 143 55 147 59
B 420 60 424 64
B 420 48 424 52
B 388 21 392 25
B 388 48 392 52
B -18 48 -14 52
B -18 60 -14 64
B -58 -41 -54 -37
B -46 -41 -42 -37
B 97 -83 101 -79
B 4 55 8 59
B 16 55 20 59
B 28 55 32 59
B 97 39 101 43
B 86 55 90 59
B 97 -52 101 -48
B 269 -41 273 -37
B 257 -41 261 -37
B 245 60 249 64
B 289 60 293 64
B 277 48 281 52
B 267 60 271 64
B 303 -41 307 -37
B 315 -41 319 -37
B 361 -41 365 -37
B 349 -41 353 -37
B 337 -41 341 -37
B 383 -41 387 -37
B 395 -41 399 -37
L 14
B -80 -21 -72 -13
B 335 -43 343 -35
B 347 -43 355 -35
B 359 -43 367 -35
B 255 -43 263 -35
B 267 -43 275 -35
B 279 -43 287 -35
B -79 -85 -71 -77
B -95 110 -87 118
B -79 -53 -71 -45
B 117 -43 125 -35
B 129 -43 137 -35
B 141 -43 149 -35
B 117 53 125 61
B 129 53 137 61
B 141 53 149 61
B 418 58 426 66
B 418 46 426 54
B 386 46 394 54
B -20 46 -12 54
B -20 58 -12 66
B -60 -43 -52 -35
B -48 -43 -40 -35
B 95 -85 103 -77
B 2 53 10 61
B 14 53 22 61
B 26 53 34 61
B 84 53 92 61
B 95 37 103 45
B 95 -54 103 -46
B 279 -43 287 -35
B 267 -43 275 -35
B 255 -43 263 -35
B 243 58 251 66
B 287 58 295 66
B 275 46 283 54
B 265 58 273 66
B 301 -43 309 -35
B 313 -43 321 -35
B 359 -43 367 -35
B 347 -43 355 -35
B 335 -43 343 -35
B 381 -43 389 -35
B 393 -43 401 -35
B 386 19 394 27
W 6 -86 83 -97 83
W 6 -65 -28 -72 -28
W 6 -71 6 -71 -1 -65 -1 -65 -28
W 6 -83 83 -83 51 -71 51 -71 6
W 6 -77 -70 -96 -70 -96 -28 -78 -28
W 6 -56 -38 -86 -38 -86 -60 -74 -60
W 6 120 -102 53 -102 53 -90 -25 -90 -25 -70 -74 -70
W 6 120 -102 120 -90 270 -90 270 -39
W 6 70 -92 63 -92 63 -80 -15 -80 -15 -60 -74 -60
W 6 80 -92 73 -92
W 6 -5 -50 -74 -50
W 6 99 -81 73 -81 73 -70 -5 -70 -5 -50
W 6 96 -92 83 -92
W 6 110 -92 110 -80 258 -80 258 -39
W 6 121 57 121 68 167 68 167 57
W 6 133 57 133 -39
W 6 179 57 179 78 110 78 110 -39 121 -39
W 6 179 57 179 46 145 46 145 57
W 6 179 -39 179 -50 145 -50 145 -39
W 6 191 57 191 -3 167 -3 167 -39
W 6 99 -92 110 -92
W 6 422 50 447 50
W 6 -89 93 -97 93
W 6 -89 103 -97 103
W 6 341 83 337 83 337 108 15 108 15 113 -97 113
W 6 463 -44 452 -44 452 -1 440 -1 440 35 411 35 411 44 401 44 401 61 382 61 382 83 344 83
W 6 359 50 390 50
W 6 -86 103 5 103 5 98 327 98 327 62
W 6 -49 93 -86 93
W 6 -46 93 -5 93 -5 88 247 88 247 62
W 6 348 54 348 62
W 6 316 51 338 51 338 73 371 73 371 62
W 6 295 73 316 73 316 54
W 6 410 25 401 25 401 34 348 34 348 51
W 6 -16 50 -40 50
W 6 -51 62 -51 19 -45 19 -45 -39
W 6 -29 62 -29 73 -61 73 -61 9 -55 9 -55 -39
W 6 -16 62 -16 83 -72 83
W 6 -75 83 -83 83
W 6 6 -39 6 -60 83 -60
W 6 121 -39 121 -60 190 -60
W 6 83 -60 83 -70 190 -70
W 6 6 57 6 68 52 68 52 57
W 6 18 57 18 -39
W 6 64 57 64 78 -5 78 -5 -39 6 -39
W 6 64 57 64 46 30 46 30 57
W 6 64 -39 64 -50 30 -50 30 -39
W 6 76 57 76 -3 52 -3 52 -39
W 6 88 57 88 42
W 6 88 39 88 -39 76 -39
W 6 99 -50 99 41
W 6 213 -39 213 -60 190 -60
W 6 190 -70 225 -70 225 -39
W 6 213 57 202 57 202 -39 191 -39
W 6 269 62 258 62 258 51 224 51
W 6 202 39 290 39 290 63
W 6 280 50 280 73 292 73
W 6 283 -39 305 -39
W 6 363 -39 385 -39
W 6 270 -39 270 -28 338 -28 338 -39
W 6 350 -39 350 -18 258 -18 258 -39
W 6 398 -40 420 -40
W 6 318 -39 318 -55 440 -55 440 -44
W 6 430 -32 430 25 413 25
W 6 390 23 237 23 237 -39
; [strans] magnification(x 0.8) not supported
; [strans] magnification(x 0.8) not supported
; [strans] magnification(x 0.8) not supported
; [strans] magnification(x 0.8) not supported
; [strans] magnification(x 0.8) not supported
; [strans] magnification(x 0.8) not supported
; [strans] magnification(x 0.8) not supported
; [strans] magnification(x 0.8) not supported
; [strans] magnification(x 0.8) not supported
; [strans] magnification(x 0.8) not supported
; [strans] magnification(x 0.8) not supported
; [strans] magnification(x 0.4) not supported
C 207 0 1 1 0 INV1
C 207 18 1 1 4 NANDD2
C 161 0 1 1 0 NANDD2
C 46 18 1 1 4 NANDD2
C 46 0 1 1 0 NANDD2
C 161 18 1 1 4 NANDD2
C 469 18 1 1 2 MUXX2
C 321 0 1 1 0 MUXX2
C 0 18 1 1 4 NANDD2
C -78 0 1 1 0 MUXX2
