; structure creation     : 15/2/17 (16:21:59)
; structure modification : 16/2/17 (19:55:45)
; structure name : DECO
C -12 459 1 1 0 VIA12
C -12 229 1 1 0 VIA12
C -24 114 1 1 0 VIA12
C -24 344 1 1 0 VIA12
C -24 575 1 1 0 VIA12
C 5 -4 1 1 0 VIA12
C 13 -4 1 1 0 VIA12
C 21 -4 1 1 0 VIA12
C 29 -4 1 1 0 VIA12
C 37 -4 1 1 0 VIA12
C 45 -4 1 1 0 VIA12
C 53 -4 1 1 0 VIA12
C 61 -4 1 1 0 VIA12
C 69 -4 1 1 0 VIA12
C 77 -4 1 1 0 VIA12
C 85 -4 1 1 0 VIA12
C 93 -4 1 1 0 VIA12
C 101 -4 1 1 0 VIA12
C 109 -4 1 1 0 VIA12
C 117 -4 1 1 0 VIA12
C 125 -4 1 1 0 VIA12
C 133 -4 1 1 0 VIA12
C 141 -4 1 1 0 VIA12
C 149 -4 1 1 0 VIA12
C 157 -4 1 1 0 VIA12
C 165 -4 1 1 0 VIA12
C 173 -4 1 1 0 VIA12
C 181 -4 1 1 0 VIA12
C 189 -4 1 1 0 VIA12
C 197 -4 1 1 0 VIA12
C 205 -4 1 1 0 VIA12
C 213 -4 1 1 0 VIA12
C 221 -4 1 1 0 VIA12
C 229 -4 1 1 0 VIA12
C 237 -4 1 1 0 VIA12
C 245 -4 1 1 0 VIA12
C 253 -4 1 1 0 VIA12
C 261 -4 1 1 0 VIA12
C 269 -4 1 1 0 VIA12
C 277 -4 1 1 0 VIA12
C 285 -4 1 1 0 VIA12
C 293 -4 1 1 0 VIA12
C 301 -4 1 1 0 VIA12
C 309 -4 1 1 0 VIA12
C 317 -4 1 1 0 VIA12
C 325 -4 1 1 0 VIA12
C 333 -4 1 1 0 VIA12
C 341 -4 1 1 0 VIA12
C 349 -4 1 1 0 VIA12
C 357 -4 1 1 0 VIA12
C 365 -4 1 1 0 VIA12
C 373 -4 1 1 0 VIA12
C 381 -4 1 1 0 VIA12
C 389 -4 1 1 0 VIA12
C 397 -4 1 1 0 VIA12
C 405 -4 1 1 0 VIA12
C 413 -4 1 1 0 VIA12
C 421 -4 1 1 0 VIA12
C 429 -4 1 1 0 VIA12
C 437 -4 1 1 0 VIA12
C 445 -4 1 1 0 VIA12
C 453 -4 1 1 0 VIA12
C 461 -4 1 1 0 VIA12
C 469 -4 1 1 0 VIA12
C 477 -4 1 1 0 VIA12
C 485 -4 1 1 0 VIA12
C 493 -4 1 1 0 VIA12
C 501 -4 1 1 0 VIA12
C 509 -4 1 1 0 VIA12
C 517 -4 1 1 0 VIA12
C 525 -4 1 1 0 VIA12
C 533 -4 1 1 0 VIA12
C 541 -4 1 1 0 VIA12
C 549 -4 1 1 0 VIA12
C 557 -4 1 1 0 VIA12
C 565 -4 1 1 0 VIA12
C 573 -4 1 1 0 VIA12
C 581 -4 1 1 0 VIA12
C 589 -4 1 1 0 VIA12
C 597 -4 1 1 0 VIA12
C 605 -4 1 1 0 VIA12
C 613 -4 1 1 0 VIA12
C 621 -4 1 1 0 VIA12
C 629 -4 1 1 0 VIA12
C 637 -4 1 1 0 VIA12
C 645 -4 1 1 0 VIA12
C 653 -4 1 1 0 VIA12
C 661 -4 1 1 0 VIA12
C 669 -4 1 1 0 VIA12
C 677 -4 1 1 0 VIA12
C 685 -4 1 1 0 VIA12
C 693 -4 1 1 0 VIA12
C 701 -4 1 1 0 VIA12
C 709 -4 1 1 0 VIA12
C 717 -4 1 1 0 VIA12
C 725 -4 1 1 0 VIA12
C 733 -4 1 1 0 VIA12
C 741 -4 1 1 0 VIA12
C 749 -4 1 1 0 VIA12
C 757 -4 1 1 0 VIA12
C 765 -4 1 1 0 VIA12
C 773 -4 1 1 0 VIA12
C 781 -4 1 1 0 VIA12
C 789 -4 1 1 0 VIA12
C 797 -4 1 1 0 VIA12
C 805 -4 1 1 0 VIA12
C 813 -4 1 1 0 VIA12
C 821 -4 1 1 0 VIA12
C 829 -4 1 1 0 VIA12
C 837 -4 1 1 0 VIA12
C 845 -4 1 1 0 VIA12
C 853 -4 1 1 0 VIA12
C 861 -4 1 1 0 VIA12
C 869 -4 1 1 0 VIA12
C 877 -4 1 1 0 VIA12
C 885 -4 1 1 0 VIA12
C 893 -4 1 1 0 VIA12
C 901 -4 1 1 0 VIA12
C 909 -4 1 1 0 VIA12
C 917 -4 1 1 0 VIA12
C 925 -4 1 1 0 VIA12
C 933 -4 1 1 0 VIA12
C 941 -4 1 1 0 VIA12
C 949 -4 1 1 0 VIA12
C 957 -4 1 1 0 VIA12
C 965 -4 1 1 0 VIA12
C 973 -4 1 1 0 VIA12
C 981 -4 1 1 0 VIA12
C 989 -4 1 1 0 VIA12
C 997 -4 1 1 0 VIA12
C 1005 -4 1 1 0 VIA12
C 1013 -4 1 1 0 VIA12
C 1021 -4 1 1 0 VIA12
C 1029 -4 1 1 0 VIA12
C 1037 -4 1 1 0 VIA12
C 1045 -4 1 1 0 VIA12
C 1053 -4 1 1 0 VIA12
C 1061 -4 1 1 0 VIA12
C 1069 -4 1 1 0 VIA12
C 1077 -4 1 1 0 VIA12
C 1085 -4 1 1 0 VIA12
C 1093 -4 1 1 0 VIA12
C 1101 -4 1 1 0 VIA12
C 1109 -4 1 1 0 VIA12
C 1117 -4 1 1 0 VIA12
C 1125 -4 1 1 0 VIA12
C 1133 -4 1 1 0 VIA12
C 1141 -4 1 1 0 VIA12
C 1149 -4 1 1 0 VIA12
C 1157 -4 1 1 0 VIA12
C 1165 -4 1 1 0 VIA12
C 1173 -4 1 1 0 VIA12
C 1181 -4 1 1 0 VIA12
C 1189 -4 1 1 0 VIA12
C 1197 -4 1 1 0 VIA12
C 1205 -4 1 1 0 VIA12
C 1213 -4 1 1 0 VIA12
C 1221 -4 1 1 0 VIA12
C 1229 -4 1 1 0 VIA12
C 1237 -4 1 1 0 VIA12
C 1245 -4 1 1 0 VIA12
C 1253 -4 1 1 0 VIA12
C 1261 -4 1 1 0 VIA12
C 1269 -4 1 1 0 VIA12
C 1277 -4 1 1 0 VIA12
C 1267 131 1 1 0 VIA12
C 1243 239 1 1 0 VIA12
C 1151 191 1 1 0 VIA12
C 1175 131 1 1 0 VIA12
C 1105 179 1 1 0 VIA12
C 1129 131 1 1 0 VIA12
C 1025 239 1 1 0 VIA12
C 991 155 1 1 0 VIA12
C 889 155 1 1 0 VIA12
C 935 131 1 1 0 VIA12
C 1145 0 1 1 0 nand4
C 1019 0 1 1 0 nand2
C 951 0 1 1 0 nand2
C 883 0 1 1 0 nand2
C 809 203 1 1 0 VIA12
C 833 155 1 1 0 VIA12
C 751 215 1 1 0 VIA12
C 775 155 1 1 0 VIA12
C 683 191 1 1 0 VIA12
C 613 239 1 1 0 VIA12
C 637 179 1 1 0 VIA12
C 591 179 1 1 0 VIA12
C 487 215 1 1 0 VIA12
C 453 131 1 1 0 VIA12
C 419 143 1 1 0 VIA12
C 407 155 1 1 0 VIA12
C 361 203 1 1 0 VIA12
C 281 131 1 1 0 VIA12
C 257 191 1 1 0 VIA12
C 223 239 1 1 0 VIA12
C 189 203 1 1 0 VIA12
C 849 0 1 1 0 nand2
C 733 0 1 1 0 nand4
C 665 0 1 1 0 nand2
C 573 0 1 1 0 nor2
C 469 0 1 1 0 nand3
C 389 0 1 1 0 nand3
C 110 93 1 1 0 VIA12
C 165 131 1 1 0 VIA12
C 50 227 1 1 0 VIA12
C 62 215 1 1 0 VIA12
C 86 191 1 1 0 VIA12
C 157 227 1 1 0 VIA12
C 157 203 1 1 0 VIA12
C 157 179 1 1 0 VIA12
C 157 155 1 1 0 VIA12
C 297 0 1 1 0 nand3
C 217 0 1 1 0 nand2
C 86 287 1 1 0 VIA12
C 62 409 1 1 0 VIA12
C 50 500 1 1 0 VIA12
C 0 230 1 1 0 invv1
C 0 0 1 1 0 invv1
C 0 236 1 1 4 invv1
C 0 466 1 1 4 invv1
C 0 460 1 1 0 invv1
C 38 517 1 1 0 VIA12
C 74 426 1 1 0 VIA12
C 98 270 1 1 0 VIA12
C 171 0 1 1 0 nand3
C 251 0 1 1 0 nand3
C 157 143 1 1 0 VIA12
C 157 167 1 1 0 VIA12
C 157 191 1 1 0 VIA12
C 157 215 1 1 0 VIA12
C 157 239 1 1 0 VIA12
C 98 179 1 1 0 VIA12
C 74 203 1 1 0 VIA12
C 38 239 1 1 0 VIA12
C 110 69 1 1 0 VIA12
C 343 0 1 1 0 nand3
C 435 0 1 1 0 nand2
C 515 0 1 1 0 nand4
C 607 0 1 1 0 nand4
C 699 0 1 1 0 nand2
C 791 0 1 1 0 nand4
C 177 227 1 1 0 VIA12
C 201 179 1 1 0 VIA12
C 235 215 1 1 0 VIA12
C 269 167 1 1 0 VIA12
C 349 227 1 1 0 VIA12
C 373 179 1 1 0 VIA12
C 395 203 1 1 0 VIA12
C 441 167 1 1 0 VIA12
C 475 227 1 1 0 VIA12
C 499 143 1 1 0 VIA12
C 579 227 1 1 0 VIA12
C 649 155 1 1 0 VIA12
C 625 203 1 1 0 VIA12
C 671 215 1 1 0 VIA12
C 763 179 1 1 0 VIA12
C 739 227 1 1 0 VIA12
C 821 179 1 1 0 VIA12
C 797 239 1 1 0 VIA12
C 917 0 1 1 0 nand2
C 985 0 1 1 0 nand2
C 1053 0 1 1 0 nand2
C 1087 0 1 1 0 nand4
C 1203 0 1 1 0 nand2
C 1237 0 1 1 0 nor3
C 923 239 1 1 0 VIA12
C 901 131 1 1 0 VIA12
C 1003 143 1 1 0 VIA12
C 1037 143 1 1 0 VIA12
C 1117 167 1 1 0 VIA12
C 1093 227 1 1 0 VIA12
C 1163 167 1 1 0 VIA12
C 1255 155 1 1 0 VIA12
C 1295 115 1 1 0 VIA12
C -24 352 1 1 0 VIA12
C -24 122 1 1 0 VIA12
C -12 237 1 1 0 VIA12
C -12 467 1 1 0 VIA12
L 12
; [strans] magnification(x 10) not supported
; [strans] magnification(x 10) not supported
; [strans] magnification(x 10) not supported
B -35 54 9 60
B -35 176 9 182
B -35 284 9 290
B -35 406 9 412
B -16 224 0 242
B -28 109 0 127
B 0 -8 1283 0
B 22 0 171 12
W 6 157 143 1037 143
W 6 165 131 1267 131
W 6 86 287 86 191
W 6 110 93 110 69
W 6 38 517 38 239
W 6 50 500 50 227
W 6 62 409 62 215
W 6 74 426 74 203
W 6 98 270 98 179
W 6 157 155 1255 155
W 6 157 167 1163 167
W 6 157 179 1105 179
W 6 157 191 1151 191
W 6 157 203 809 203
W 6 157 215 751 215
W 6 157 227 1093 227
W 6 157 239 1243 239
B 22 109 171 121
B 1283 109 1299 121
B -28 339 0 357
B -28 569 0 581
B -16 454 0 472
B -35 514 9 520
; [strans] magnification(x 10) not supported
; [strans] magnification(x 10) not supported
L 14
; [strans] magnification(x 20) not supported
; [strans] magnification(x 20) not supported
; [strans] magnification(x 20) not supported
; [strans] magnification(x 20) not supported
; [strans] magnification(x 20) not supported
; [strans] magnification(x 10) not supported
; [strans] magnification(x 10) not supported
B 1283 -20 1291 -12
B -28 -20 1283 -12
B -28 -20 -20 581
B -16 -8 1283 0
B 1240 54 1246 242
B 1264 54 1270 134
B 1195 36 1213 61
B 1114 54 1120 170
B 1090 54 1096 230
B 1160 54 1166 170
B 1045 36 1063 61
B 1022 54 1028 242
B 988 54 994 158
B 943 36 961 61
B 920 54 926 242
B 886 54 892 158
B 841 36 859 61
B 818 54 824 182
B 794 54 800 242
B 760 54 766 182
B 736 54 742 230
W 6 717 57 717 29 662 29 662 41
B 680 54 686 194
B 646 54 652 158
B 622 54 628 206
B 576 54 582 230
W 6 385 40 385 9 557 9 557 57
W 6 465 40 465 29 533 29 533 57
B 496 54 502 146
B 472 54 478 230
B 438 54 444 170
B 404 54 410 158
B 370 54 376 182
B 346 54 352 230
W 6 327 57 327 19 213 19 213 40
B 289 36 307 61
B 266 54 272 170
B 232 54 238 218
B 198 54 204 182
B 174 54 180 230
B 95 176 160 182
B 71 200 160 206
B 47 224 160 230
B 107 164 160 170
B 119 78 125 158
B 131 54 137 146
B 131 140 160 146
B 143 37 149 134
W 6 110 69 50 69 50 179 6 179
W 6 18 196 62 196 62 81 122 81
B 15 497 53 503
B 15 423 77 429
B 15 267 101 273
B 15 37 149 43
B 3 54 137 60
B 3 284 89 290
B 3 406 65 412
B 3 514 41 520
B 143 128 160 134
B 119 152 160 158
B 107 90 113 170
B 35 236 160 242
B 59 212 160 218
B 83 188 160 194
B 160 128 168 134
B 186 54 192 206
B 220 54 226 242
B 254 54 260 194
B 278 54 284 134
W 6 247 40 247 29 315 29 315 57
B 358 54 364 206
B 392 54 398 206
B 416 54 422 146
B 450 54 456 134
B 484 54 490 218
B 507 36 525 61
W 6 431 40 431 19 545 19 545 57
B 588 54 594 182
B 610 54 616 242
B 634 54 640 182
B 668 54 674 218
B 691 36 709 61
B 748 54 754 218
B 772 54 778 158
B 806 54 812 206
B 830 54 836 158
W 6 867 57 867 29 788 29 788 40
B 898 54 904 134
B 932 54 938 134
W 6 969 57 969 29 914 29 914 40
B 1000 54 1006 146
B 1034 54 1040 146
W 6 1071 57 1071 29 1016 29 1016 40
B 1172 54 1178 134
B 1148 54 1154 194
B 1102 54 1108 182
B 1126 54 1132 134
W 6 1187 57 1187 247
W 6 1221 57 1221 29 1142 29 1142 40
B 1252 54 1258 158
B -16 0 -8 581
B 1291 -20 1299 121
; [strans] magnification(x 20) not supported
; [strans] magnification(x 20) not supported
; [strans] magnification(x 20) not supported
; [strans] magnification(x 20) not supported
; [strans] magnification(x 20) not supported
