; structure creation     : 8/2/17 (7:0:21)
; structure modification : 18/2/17 (5:1:8)
; structure name : inv10
L 12
B 250 0 254 12
B 198 0 202 12
B 172 0 176 12
B 198 109 202 121
B 224 109 228 121
B 250 109 254 121
B 146 0 150 12
B 126 0 130 12
B 100 0 104 12
B 74 0 78 12
B 48 0 52 12
B 20 53 28 61
B 22 0 26 12
B 22 109 26 121
B 48 109 52 121
B 46 53 54 61
B 74 109 78 121
B 72 53 80 61
B 100 109 104 121
B 98 53 106 61
B 126 109 130 121
B 124 53 132 61
B 146 109 150 121
B 144 53 152 61
B 248 53 256 61
B 222 53 230 61
B 196 53 204 61
B 172 109 176 121
B 170 53 178 61
B 224 0 228 12
C 150 0 1 1 0 ak_inv1
C 202 0 1 1 0 ak_inv1
C 0 0 1 1 0 ak_inv1
C 26 0 1 1 0 ak_inv1
C 52 0 1 1 0 ak_inv1
C 78 0 1 1 0 ak_inv1
C 104 0 1 1 0 ak_inv1
C 124 0 1 1 0 ak_inv1
C 228 0 1 1 0 ak_inv1
C 176 0 1 1 0 ak_inv1
