; structure creation     : 9/6/114 (8:0:25)
; structure modification : 9/6/114 (13:53:59)
; structure name : esd
L 1
B -1230 -2892 -1170 -2848
L 2
B -1230 -2940 -1170 -2896
L 3
B -1228 -2890 -1172 -2850
B -1228 -2938 -1172 -2898
L 4
B -1224 -2886 -1176 -2864
B -1224 -2924 -1176 -2902
B -1224 -2860 -1176 -2854
B -1224 -2934 -1176 -2928
L 5
B -1226 -2926 -1174 -2900
L 6
B -1226 -2888 -1174 -2862
L 7
B -1235 -2878 -1174 -2872
B -1235 -2916 -1174 -2910
B -1235 -2920 -1229 -2914
B -1239 -2878 -1233 -2872
B -1235 -2874 -1229 -2868
B -1239 -2916 -1233 -2910
B -1239 -2920 -1233 -2914
B -1239 -2874 -1233 -2868
L 8
B -1226 -2926 -1174 -2900
B -1226 -2862 -1174 -2852
L 9
B -1226 -2888 -1174 -2862
B -1226 -2936 -1174 -2926
L 10
B -1221 -2932 -1219 -2930
B -1217 -2932 -1215 -2930
B -1213 -2932 -1211 -2930
B -1201 -2932 -1199 -2930
B -1197 -2932 -1195 -2930
B -1193 -2932 -1191 -2930
B -1189 -2932 -1187 -2930
B -1185 -2932 -1183 -2930
B -1181 -2932 -1179 -2930
B -1209 -2932 -1207 -2930
B -1205 -2932 -1203 -2930
B -1221 -2922 -1219 -2920
B -1217 -2922 -1215 -2920
B -1213 -2922 -1211 -2920
B -1201 -2922 -1199 -2920
B -1197 -2922 -1195 -2920
B -1193 -2922 -1191 -2920
B -1189 -2922 -1187 -2920
B -1185 -2922 -1183 -2920
B -1181 -2922 -1179 -2920
B -1209 -2922 -1207 -2920
B -1205 -2922 -1203 -2920
B -1221 -2906 -1219 -2904
B -1217 -2906 -1215 -2904
B -1213 -2906 -1211 -2904
B -1201 -2906 -1199 -2904
B -1197 -2906 -1195 -2904
B -1193 -2906 -1191 -2904
B -1189 -2906 -1187 -2904
B -1185 -2906 -1183 -2904
B -1181 -2906 -1179 -2904
B -1209 -2906 -1207 -2904
B -1205 -2906 -1203 -2904
B -1221 -2884 -1219 -2882
B -1217 -2884 -1215 -2882
B -1213 -2884 -1211 -2882
B -1201 -2884 -1199 -2882
B -1197 -2884 -1195 -2882
B -1193 -2884 -1191 -2882
B -1189 -2884 -1187 -2882
B -1185 -2884 -1183 -2882
B -1181 -2884 -1179 -2882
B -1209 -2884 -1207 -2882
B -1205 -2884 -1203 -2882
B -1221 -2868 -1219 -2866
B -1217 -2868 -1215 -2866
B -1213 -2868 -1211 -2866
B -1201 -2868 -1199 -2866
B -1197 -2868 -1195 -2866
B -1193 -2868 -1191 -2866
B -1189 -2868 -1187 -2866
B -1185 -2868 -1183 -2866
B -1181 -2868 -1179 -2866
B -1209 -2868 -1207 -2866
B -1205 -2868 -1203 -2866
B -1221 -2858 -1219 -2856
B -1217 -2858 -1215 -2856
B -1213 -2858 -1211 -2856
B -1201 -2858 -1199 -2856
B -1197 -2858 -1195 -2856
B -1193 -2858 -1191 -2856
B -1189 -2858 -1187 -2856
B -1185 -2858 -1183 -2856
B -1181 -2858 -1179 -2856
B -1209 -2858 -1207 -2856
B -1205 -2858 -1203 -2856
L 11
B -1233 -2876 -1231 -2874
B -1233 -2914 -1231 -2912
B -1233 -2918 -1231 -2916
B -1237 -2876 -1235 -2874
B -1233 -2872 -1231 -2870
B -1237 -2914 -1235 -2912
B -1237 -2918 -1235 -2916
B -1237 -2872 -1235 -2870
L 12
B -1224 -2934 -1176 -2918
B -1239 -2878 -1229 -2850
B -1239 -2938 -1229 -2910
B -1224 -2908 -1176 -2880
B -1224 -2870 -1176 -2850
B -1237 -2864 -1168 -2850
B -1237 -2938 -1168 -2924
L 13
B -1218 -2892 -1214 -2888
B -1210 -2892 -1206 -2888
B -1202 -2892 -1198 -2888
B -1194 -2892 -1190 -2888
B -1186 -2892 -1182 -2888
B -1218 -2900 -1214 -2896
B -1210 -2900 -1206 -2896
B -1202 -2900 -1198 -2896
B -1194 -2900 -1190 -2896
B -1186 -2900 -1182 -2896
L 14
B -1222 -2945 -1178 -2843
