; structure creation     : 65407/1012/36894 (0:20696:13825)
; structure modification : 65407/1012/36894 (0:20696:13825)
; structure name : buf_x8
L 1
B -3 63 103 133
L 2
B -3 -3 103 53
L 8
B 2 4 88 34
B 87 69 98 89
B 88 68 98 90
L 9
B 77 37 99 48
B 2 95 88 122
B 2 96 88 122
B 2 66 85 122
L 4
B 50 22 56 28
B 5 22 11 28
B 20 10 26 16
B 50 10 56 16
B 50 97 56 103
B 50 110 56 116
B 20 110 26 116
B 5 72 11 78
B 50 85 56 91
B 50 72 56 78
B 80 10 86 16
B 80 22 86 28
B 80 97 86 103
B 80 110 86 116
B 90 70 96 76
B 90 82 96 88
B 80 40 86 46
B 90 40 96 46
B 5 85 11 91
B 5 97 11 103
B 35 22 41 28
B 65 72 71 78
B 65 97 71 103
B 65 85 71 91
B 65 22 71 28
B 35 72 41 78
B 35 85 41 91
B 35 97 41 103
B 49 6 56 32
B 34 6 41 32
B 37 6 53 32
B 19 6 26 32
B 22 6 38 32
B 22 68 38 120
B 37 68 53 120
B 34 68 41 120
B 19 68 26 120
B 52 68 68 120
B 52 6 68 32
B 64 6 71 32
B 79 6 86 32
B 64 68 71 120
B 49 68 56 120
B 67 6 83 32
B 67 68 83 120
B 79 98 86 120
B 89 71 96 87
B 7 6 23 32
B 7 68 23 120
B 4 68 11 120
B 4 6 11 32
B 79 39 97 46
B 79 39 97 46
B 4 6 11 32
B 4 68 11 120
B 7 68 23 120
B 7 6 23 32
B 89 71 96 87
B 79 98 86 120
B 67 68 83 120
B 67 6 83 32
B 49 68 56 120
B 64 68 71 120
B 79 6 86 32
B 64 6 71 32
B 52 6 68 32
B 52 68 68 120
B 19 68 26 120
B 34 68 41 120
B 37 68 53 120
B 22 68 38 120
B 22 6 38 32
B 19 6 26 32
B 37 6 53 32
B 34 6 41 32
B 49 6 56 32
L 7
B 17 59 24 66
B 4 47 11 54
B 17 34 24 41
B 44 3 46 35
B 29 3 31 35
B 29 65 31 123
B 44 65 46 123
B 44 34 46 66
B 29 34 31 66
B 59 65 61 123
B 59 34 61 66
B 59 3 61 35
B 74 3 76 35
B 74 65 76 123
B 74 34 76 66
B 14 3 16 35
B 14 65 16 123
B 7 47 76 54
B 14 59 21 66
B 14 34 21 41
B 14 34 21 41
B 14 59 21 66
B 7 47 76 54
B 14 65 16 123
B 14 3 16 35
B 74 34 76 66
B 74 65 76 123
B 74 3 76 35
B 59 3 61 35
B 59 34 61 66
B 59 65 61 123
B 29 34 31 66
B 44 34 46 66
B 44 65 46 123
B 29 65 31 123
B 29 3 31 35
B 44 3 46 35
L 6
B 48 95 58 105
B 48 108 58 118
B 18 108 28 118
B 3 70 13 80
B 48 83 58 93
B 48 70 58 80
B 78 95 88 105
B 78 108 88 118
B 3 83 13 93
B 3 95 13 105
B 63 70 73 80
B 63 95 73 105
B 63 83 73 93
B 33 70 43 80
B 33 83 43 93
B 33 95 43 105
B 20 66 40 122
B 35 66 55 122
B 32 66 43 122
B 17 66 28 122
B 50 66 70 122
B 62 66 73 122
B 47 66 58 122
B 65 66 85 122
B 77 96 88 122
B 5 66 25 122
B 2 66 13 122
B 2 66 13 122
B 5 66 25 122
B 77 96 88 122
B 65 66 85 122
B 47 66 58 122
B 62 66 73 122
B 50 66 70 122
B 17 66 28 122
B 32 66 43 122
B 35 66 55 122
B 20 66 40 122
L 5
B 48 20 58 30
B 3 20 13 30
B 18 8 28 18
B 48 8 58 18
B 78 8 88 18
B 78 20 88 30
B 33 20 43 30
B 63 20 73 30
B 47 4 58 34
B 32 4 43 34
B 35 4 55 34
B 17 4 28 34
B 20 4 40 34
B 50 4 70 34
B 62 4 73 34
B 77 4 88 34
B 65 4 85 34
B 5 4 25 34
B 2 4 13 34
B 2 4 13 34
B 5 4 25 34
B 65 4 85 34
B 77 4 88 34
B 62 4 73 34
B 50 4 70 34
B 20 4 40 34
B 17 4 28 34
B 35 4 55 34
B 32 4 43 34
B 47 4 58 34
L 3
B -1 65 101 131
B -1 -1 101 51
B -1 -1 101 51
B -1 65 101 131
L 10
B 52 24 54 26
B 7 24 9 26
B 22 12 24 14
B 52 12 54 14
B 52 99 54 101
B 52 112 54 114
B 22 112 24 114
B 7 74 9 76
B 52 87 54 89
B 52 74 54 76
B 82 12 84 14
B 82 24 84 26
B 82 99 84 101
B 82 112 84 114
B 92 72 94 74
B 92 84 94 86
B 82 42 84 44
B 92 42 94 44
B 7 87 9 89
B 7 99 9 101
B 37 24 39 26
B 67 74 69 76
B 67 99 69 101
B 67 87 69 89
B 67 24 69 26
B 37 74 39 76
B 37 87 39 89
B 37 99 39 101
L 12
B 17 60 23 66
B 50 22 56 28
B 5 22 11 28
B 20 10 26 16
B 50 10 56 16
B 50 97 56 103
B 50 110 56 116
B 20 110 26 116
B 5 72 11 78
B 50 85 56 91
B 50 72 56 78
B 80 10 86 16
B 80 22 86 28
B 80 97 86 103
B 80 110 86 116
B 90 70 96 76
B 90 82 96 88
B 80 40 86 46
B 90 40 96 46
B 5 85 11 91
B 5 97 11 103
B 5 47 11 53
B 17 35 23 41
B 35 22 41 28
B 65 72 71 78
B 65 97 71 103
B 65 85 71 91
B 65 22 71 28
B 35 72 41 78
B 35 85 41 91
B 35 97 41 103
B 5 50 11 76
B 5 72 11 103
B 5 22 11 53
B 80 82 96 88
B 80 82 86 116
L 60
B 22 22 28 103
B 35 22 41 103
L 12
B 35 22 41 103
B 65 22 71 103
B 35 47 71 53
B 17 60 28 66
B 50 72 56 116
B 50 10 56 28
L 60
B -3 -1 103 16
B -3 110 103 126
L 12
B 17 35 28 41
B 22 22 28 103
B 80 10 86 46
B 80 40 96 46
B 90 70 96 88
B 90 70 96 88
B 80 40 96 46
B 80 10 86 46
B 22 22 28 103
B 17 35 28 41
B -3 110 103 126
B -3 -1 103 16
B 50 10 56 28
B 50 72 56 116
B 17 60 28 66
B 35 47 71 53
B 65 22 71 103
B 35 22 41 103
B 35 22 41 103
B 22 22 28 103
B 80 82 86 116
B 80 82 96 88
B 5 22 11 53
B 5 72 11 103
B 5 50 11 76
L 11
B 19 62 21 64
B 7 49 9 51
B 19 37 21 39
L 31
B 24 49 26 51
L 60
L 31
B 24 62 26 64
L 60
L 31
B 24 74 26 76
L 60
L 31
B 24 87 26 89
L 60
L 31
B 24 99 26 101
L 60
L 31
B 24 37 26 39
L 60
L 31
B 24 24 26 26
L 60
L 31
B 37 37 39 39
L 60
L 31
B 37 62 39 64
L 60
L 31
B 37 24 39 26
L 60
L 31
B 37 99 39 101
L 60
L 31
B 37 87 39 89
L 60
L 31
B 37 74 39 76
L 60
L 31
B 37 49 39 51
L 60
