; structure creation     : 65407/1012/36894 (0:20696:13825)
; structure modification : 65407/1012/36894 (0:20696:13825)
; structure name : i_buf
L 1
B 3 25 143 271
L 2
B 3 275 143 386
L 8
B 7 29 18 266
B 22 294 63 359
B 67 294 93 359
B 7 29 139 41
B 127 29 138 266
B 7 254 139 266
B 97 294 123 359
L 9
B 7 279 18 381
B 22 51 63 117
B 22 124 63 189
B 22 196 63 249
B 67 51 93 117
B 67 124 93 189
B 67 196 93 249
B 97 49 123 189
B 97 196 123 249
B 7 279 139 291
B 127 279 138 381
B 7 369 139 381
L 4
B 40 372 46 378
B 25 372 31 378
B 10 372 16 378
B 70 372 76 378
B 115 372 121 378
B 130 32 136 38
B 115 240 121 246
B 100 240 106 246
B 130 282 136 288
B 115 177 121 183
B 100 177 106 183
B 85 57 91 63
B 70 57 76 63
B 55 57 61 63
B 40 57 46 63
B 25 57 31 63
B 85 240 91 246
B 70 240 76 246
B 55 240 61 246
B 40 240 46 246
B 25 240 31 246
B 85 220 91 226
B 85 200 91 206
B 85 257 91 263
B 55 257 61 263
B 25 257 31 263
B 10 257 16 263
B 115 257 121 263
B 130 257 136 263
B 115 32 121 38
B 10 32 16 38
B 25 32 31 38
B 55 32 61 38
B 70 32 76 38
B 85 32 91 38
B 100 32 106 38
B 115 220 121 226
B 100 220 106 226
B 100 200 106 206
B 100 210 106 216
B 100 230 106 236
B 70 230 76 236
B 40 230 46 236
B 40 210 46 216
B 70 210 76 216
B 130 240 136 246
B 130 220 136 226
B 70 220 76 226
B 55 220 61 226
B 40 220 46 226
B 25 220 31 226
B 70 200 76 206
B 55 200 61 206
B 40 200 46 206
B 25 200 31 206
B 85 77 91 83
B 85 87 91 93
B 85 107 91 113
B 85 127 91 133
B 85 147 91 153
B 85 157 91 163
B 85 177 91 183
B 70 127 76 133
B 55 127 61 133
B 40 127 46 133
B 25 127 31 133
B 70 137 76 143
B 70 147 76 153
B 70 157 76 163
B 70 167 76 173
B 70 177 76 183
B 55 147 61 153
B 55 157 61 163
B 55 177 61 183
B 40 137 46 143
B 40 147 46 153
B 40 157 46 163
B 40 167 46 173
B 40 177 46 183
B 25 147 31 153
B 25 157 31 163
B 25 177 31 183
B 55 107 61 113
B 70 107 76 113
B 70 97 76 103
B 70 87 76 93
B 70 77 76 83
B 70 67 76 73
B 55 77 61 83
B 55 87 61 93
B 40 107 46 113
B 40 97 46 103
B 40 87 46 93
B 40 77 46 83
B 40 67 46 73
B 25 77 31 83
B 25 87 31 93
B 25 107 31 113
B 100 57 106 63
B 100 67 106 73
B 100 77 106 83
B 100 87 106 93
B 100 97 106 103
B 100 107 106 113
B 100 117 106 123
B 100 127 106 133
B 100 137 106 143
B 100 147 106 153
B 100 157 106 163
B 100 167 106 173
B 115 157 121 163
B 115 147 121 153
B 115 127 121 133
B 115 107 121 113
B 115 87 121 93
B 115 77 121 83
B 115 57 121 63
B 130 177 136 183
B 130 157 136 163
B 130 147 136 153
B 130 127 136 133
B 130 107 136 113
B 130 87 136 93
B 130 77 136 83
B 130 57 136 63
B 10 57 16 63
B 10 77 16 83
B 10 87 16 93
B 10 107 16 113
B 10 127 16 133
B 10 147 16 153
B 10 157 16 163
B 10 177 16 183
B 115 337 121 343
B 115 317 121 323
B 115 297 121 303
B 100 297 106 303
B 100 307 106 313
B 100 317 106 323
B 100 327 106 333
B 100 337 106 343
B 100 347 106 353
B 85 337 91 343
B 85 317 91 323
B 85 297 91 303
B 70 297 76 303
B 70 307 76 313
B 70 317 76 323
B 70 327 76 333
B 70 337 76 343
B 70 347 76 353
B 55 337 61 343
B 55 317 61 323
B 55 297 61 303
B 40 297 46 303
B 40 307 46 313
B 40 317 46 323
B 40 327 46 333
B 40 337 46 343
B 40 347 46 353
B 25 337 31 343
B 25 317 31 323
B 25 297 31 303
B 130 337 136 343
B 130 317 136 323
B 130 297 136 303
B 10 297 16 303
B 10 317 16 323
B 10 337 16 343
B 10 357 16 363
B 10 282 16 288
B 25 282 31 288
B 55 282 61 288
B 85 282 91 288
B 55 372 61 378
B 130 372 136 378
B 54 53 61 115
B 69 53 76 115
B 54 126 61 187
B 69 126 76 187
B 54 198 61 247
B 69 198 76 247
B 54 296 61 357
B 69 296 76 357
B 102 51 118 187
B 114 51 121 187
B 99 51 106 187
B 9 31 16 262
B 24 198 31 247
B 9 31 137 39
B 27 198 43 247
B 42 198 58 247
B 84 198 91 247
B 72 198 88 247
B 114 198 121 247
B 99 198 106 247
B 102 198 118 247
B 129 31 136 262
B 72 126 88 187
B 84 126 91 187
B 42 126 58 187
B 27 126 43 187
B 24 126 31 187
B 9 371 137 379
B 9 281 137 289
B 9 281 16 379
B 129 281 136 379
B 72 53 88 115
B 42 53 58 115
B 27 53 43 115
B 24 53 31 115
B 84 53 91 115
B 102 296 118 357
B 99 296 106 357
B 114 296 121 357
B 72 296 88 357
B 42 296 58 357
B 27 296 43 357
B 24 296 31 357
B 84 296 91 357
B 9 256 137 264
B 9 256 137 264
B 84 296 91 357
B 24 296 31 357
B 27 296 43 357
B 42 296 58 357
B 72 296 88 357
B 114 296 121 357
B 99 296 106 357
B 102 296 118 357
B 84 53 91 115
B 24 53 31 115
B 27 53 43 115
B 42 53 58 115
B 72 53 88 115
B 129 281 136 379
B 9 281 16 379
B 9 281 137 289
B 9 371 137 379
B 24 126 31 187
B 27 126 43 187
B 42 126 58 187
B 84 126 91 187
B 72 126 88 187
B 129 31 136 262
B 102 198 118 247
B 99 198 106 247
B 114 198 121 247
B 72 198 88 247
B 84 198 91 247
B 42 198 58 247
B 27 198 43 247
B 9 31 137 39
B 24 198 31 247
B 9 31 16 262
B 99 51 106 187
B 114 51 121 187
B 102 51 118 187
B 69 296 76 357
B 54 296 61 357
B 69 198 76 247
B 54 198 61 247
B 69 126 76 187
B 54 126 61 187
B 69 53 76 115
B 54 53 61 115
L 7
B 114 189 121 196
B 54 44 61 51
B 69 189 76 196
B 54 359 61 366
B 114 359 121 366
B 84 189 91 196
B 84 44 91 51
B 84 359 91 366
B 109 189 119 196
B 34 49 61 51
B 34 192 74 194
B 34 359 61 361
B 79 49 91 51
B 79 359 89 361
B 109 359 119 366
B 109 48 111 190
B 34 195 36 250
B 49 195 51 250
B 79 195 81 250
B 109 195 111 250
B 109 189 111 196
B 79 187 81 199
B 49 187 51 199
B 34 187 36 199
B 79 123 81 190
B 49 123 51 190
B 34 123 36 190
B 79 50 81 118
B 49 50 51 118
B 34 50 36 118
B 109 293 111 360
B 79 293 81 360
B 49 293 51 360
B 34 293 36 360
B 109 359 111 366
B 79 189 89 196
B 79 189 89 196
B 109 359 111 366
B 34 293 36 360
B 49 293 51 360
B 79 293 81 360
B 109 293 111 360
B 34 50 36 118
B 49 50 51 118
B 79 50 81 118
B 34 123 36 190
B 49 123 51 190
B 79 123 81 190
B 34 187 36 199
B 49 187 51 199
B 79 187 81 199
B 109 189 111 196
B 109 195 111 250
B 79 195 81 250
B 49 195 51 250
B 34 195 36 250
B 109 48 111 190
B 109 359 119 366
B 79 359 89 361
B 79 49 91 51
B 34 359 61 361
B 34 192 74 194
B 34 49 61 51
B 109 189 119 196
L 6
B 113 238 123 248
B 98 238 108 248
B 113 175 123 185
B 98 175 108 185
B 83 55 93 65
B 68 55 78 65
B 53 55 63 65
B 38 55 48 65
B 23 55 33 65
B 83 238 93 248
B 68 238 78 248
B 53 238 63 248
B 38 238 48 248
B 23 238 33 248
B 83 218 93 228
B 83 198 93 208
B 113 218 123 228
B 98 218 108 228
B 98 198 108 208
B 98 208 108 218
B 98 228 108 238
B 68 228 78 238
B 38 228 48 238
B 38 208 48 218
B 68 208 78 218
B 68 218 78 228
B 53 218 63 228
B 38 218 48 228
B 23 218 33 228
B 68 198 78 208
B 53 198 63 208
B 38 198 48 208
B 23 198 33 208
B 83 75 93 85
B 83 85 93 95
B 83 105 93 115
B 83 125 93 135
B 83 145 93 155
B 83 155 93 165
B 83 175 93 185
B 68 125 78 135
B 53 125 63 135
B 38 125 48 135
B 23 125 33 135
B 68 135 78 145
B 68 145 78 155
B 68 155 78 165
B 68 165 78 175
B 68 175 78 185
B 53 145 63 155
B 53 155 63 165
B 53 175 63 185
B 38 135 48 145
B 38 145 48 155
B 38 155 48 165
B 38 165 48 175
B 38 175 48 185
B 23 145 33 155
B 23 155 33 165
B 23 175 33 185
B 53 105 63 115
B 68 105 78 115
B 68 95 78 105
B 68 85 78 95
B 68 75 78 85
B 68 65 78 75
B 53 75 63 85
B 53 85 63 95
B 38 105 48 115
B 38 95 48 105
B 38 85 48 95
B 38 75 48 85
B 38 65 48 75
B 23 75 33 85
B 23 85 33 95
B 23 105 33 115
B 98 55 108 65
B 98 65 108 75
B 98 75 108 85
B 98 85 108 95
B 98 95 108 105
B 98 105 108 115
B 98 115 108 125
B 98 125 108 135
B 98 135 108 145
B 98 145 108 155
B 98 155 108 165
B 98 165 108 175
B 113 155 123 165
B 113 145 123 155
B 113 125 123 135
B 113 105 123 115
B 113 85 123 95
B 113 75 123 85
B 113 55 123 65
B 52 51 63 117
B 67 51 78 117
B 52 124 63 189
B 67 124 78 189
B 52 196 63 249
B 67 196 78 249
B 100 49 120 189
B 112 49 123 189
B 97 49 108 189
B 22 196 33 249
B 25 196 45 249
B 40 196 60 249
B 82 196 93 249
B 70 196 90 249
B 112 196 123 249
B 97 196 108 249
B 100 196 120 249
B 70 124 90 189
B 82 124 93 189
B 40 124 60 189
B 25 124 45 189
B 22 124 33 189
B 70 51 90 117
B 40 51 60 117
B 25 51 45 117
B 22 51 33 117
B 82 51 93 117
B 82 51 93 117
B 22 51 33 117
B 25 51 45 117
B 40 51 60 117
B 70 51 90 117
B 22 124 33 189
B 25 124 45 189
B 40 124 60 189
B 82 124 93 189
B 70 124 90 189
B 100 196 120 249
B 97 196 108 249
B 112 196 123 249
B 70 196 90 249
B 82 196 93 249
B 40 196 60 249
B 25 196 45 249
B 22 196 33 249
B 97 49 108 189
B 112 49 123 189
B 100 49 120 189
B 67 196 78 249
B 52 196 63 249
B 67 124 78 189
B 52 124 63 189
B 67 51 78 117
B 52 51 63 117
L 5
B 113 335 123 345
B 113 315 123 325
B 113 295 123 305
B 98 295 108 305
B 98 305 108 315
B 98 315 108 325
B 98 325 108 335
B 98 335 108 345
B 98 345 108 355
B 83 335 93 345
B 83 315 93 325
B 83 295 93 305
B 68 295 78 305
B 68 305 78 315
B 68 315 78 325
B 68 325 78 335
B 68 335 78 345
B 68 345 78 355
B 53 335 63 345
B 53 315 63 325
B 53 295 63 305
B 38 295 48 305
B 38 305 48 315
B 38 315 48 325
B 38 325 48 335
B 38 335 48 345
B 38 345 48 355
B 23 335 33 345
B 23 315 33 325
B 23 295 33 305
B 52 294 63 359
B 67 294 78 359
B 100 294 120 359
B 97 294 108 359
B 112 294 123 359
B 70 294 90 359
B 40 294 60 359
B 25 294 45 359
B 22 294 33 359
B 82 294 93 359
B 82 294 93 359
B 22 294 33 359
B 25 294 45 359
B 40 294 60 359
B 70 294 90 359
B 112 294 123 359
B 97 294 108 359
B 100 294 120 359
B 67 294 78 359
B 52 294 63 359
L 3
B 5 277 141 384
B 5 27 141 269
B 5 27 141 269
B 5 277 141 384
L 10
B 42 374 44 376
B 27 374 29 376
B 12 374 14 376
B 72 374 74 376
B 117 374 119 376
B 132 34 134 36
B 117 242 119 244
B 102 242 104 244
B 132 284 134 286
B 117 179 119 181
B 102 179 104 181
B 87 59 89 61
B 72 59 74 61
B 57 59 59 61
B 42 59 44 61
B 27 59 29 61
B 87 242 89 244
B 72 242 74 244
B 57 242 59 244
B 42 242 44 244
B 27 242 29 244
B 87 222 89 224
B 87 202 89 204
B 87 259 89 261
B 57 259 59 261
B 27 259 29 261
B 12 259 14 261
B 117 259 119 261
B 132 259 134 261
B 117 34 119 36
B 12 34 14 36
B 27 34 29 36
B 57 34 59 36
B 72 34 74 36
B 87 34 89 36
B 102 34 104 36
B 117 222 119 224
B 102 222 104 224
B 102 202 104 204
B 102 212 104 214
B 102 232 104 234
B 72 232 74 234
B 42 232 44 234
B 42 212 44 214
B 72 212 74 214
B 132 242 134 244
B 132 222 134 224
B 72 222 74 224
B 57 222 59 224
B 42 222 44 224
B 27 222 29 224
B 72 202 74 204
B 57 202 59 204
B 42 202 44 204
B 27 202 29 204
B 87 79 89 81
B 87 89 89 91
B 87 109 89 111
B 87 129 89 131
B 87 149 89 151
B 87 159 89 161
B 87 179 89 181
B 72 129 74 131
B 57 129 59 131
B 42 129 44 131
B 27 129 29 131
B 72 139 74 141
B 72 149 74 151
B 72 159 74 161
B 72 169 74 171
B 72 179 74 181
B 57 149 59 151
B 57 159 59 161
B 57 179 59 181
B 42 139 44 141
B 42 149 44 151
B 42 159 44 161
B 42 169 44 171
B 42 179 44 181
B 27 149 29 151
B 27 159 29 161
B 27 179 29 181
B 57 109 59 111
B 72 109 74 111
B 72 99 74 101
B 72 89 74 91
B 72 79 74 81
B 72 69 74 71
B 57 79 59 81
B 57 89 59 91
B 42 109 44 111
B 42 99 44 101
B 42 89 44 91
B 42 79 44 81
B 42 69 44 71
B 27 79 29 81
B 27 89 29 91
B 27 109 29 111
B 102 59 104 61
B 102 69 104 71
B 102 79 104 81
B 102 89 104 91
B 102 99 104 101
B 102 109 104 111
B 102 119 104 121
B 102 129 104 131
B 102 139 104 141
B 102 149 104 151
B 102 159 104 161
B 102 169 104 171
B 117 159 119 161
B 117 149 119 151
B 117 129 119 131
B 117 109 119 111
B 117 89 119 91
B 117 79 119 81
B 117 59 119 61
B 132 179 134 181
B 132 159 134 161
B 132 149 134 151
B 132 129 134 131
B 132 109 134 111
B 132 89 134 91
B 132 79 134 81
B 132 59 134 61
B 12 59 14 61
B 12 79 14 81
B 12 89 14 91
B 12 109 14 111
B 12 129 14 131
B 12 149 14 151
B 12 159 14 161
B 12 179 14 181
B 117 339 119 341
B 117 319 119 321
B 117 299 119 301
B 102 299 104 301
B 102 309 104 311
B 102 319 104 321
B 102 329 104 331
B 102 339 104 341
B 102 349 104 351
B 87 339 89 341
B 87 319 89 321
B 87 299 89 301
B 72 299 74 301
B 72 309 74 311
B 72 319 74 321
B 72 329 74 331
B 72 339 74 341
B 72 349 74 351
B 57 339 59 341
B 57 319 59 321
B 57 299 59 301
B 42 299 44 301
B 42 309 44 311
B 42 319 44 321
B 42 329 44 331
B 42 339 44 341
B 42 349 44 351
B 27 339 29 341
B 27 319 29 321
B 27 299 29 301
B 132 339 134 341
B 132 319 134 321
B 132 299 134 301
B 12 299 14 301
B 12 319 14 321
B 12 339 14 341
B 12 359 14 361
B 12 284 14 286
B 27 284 29 286
B 57 284 59 286
B 87 284 89 286
B 57 374 59 376
B 132 374 134 376
L 12
B 115 190 121 196
B 55 45 61 51
B 70 190 76 196
B 55 360 61 366
B 40 372 46 378
B 25 372 31 378
B 10 372 16 378
B 70 372 76 378
B 115 372 121 378
B 115 360 121 366
B 9 116 17 124
B 130 32 136 38
B 115 240 121 246
B 100 240 106 246
B 85 190 91 196
B 130 282 136 288
B 85 45 91 51
B 85 360 91 366
B 114 281 122 289
B 115 177 121 183
B 100 177 106 183
B 85 57 91 63
B 70 57 76 63
B 55 57 61 63
B 40 57 46 63
B 25 57 31 63
B 85 240 91 246
B 70 240 76 246
B 55 240 61 246
B 40 240 46 246
B 25 240 31 246
B 85 220 91 226
B 85 200 91 206
B 84 229 92 237
B 84 209 92 217
B 85 257 91 263
B 55 257 61 263
B 25 257 31 263
B 10 257 16 263
B 115 257 121 263
B 130 257 136 263
B 115 32 121 38
B 10 32 16 38
B 25 32 31 38
B 55 32 61 38
B 70 32 76 38
B 85 32 91 38
B 100 32 106 38
B 54 209 62 217
B 54 229 62 237
B 24 229 32 237
B 24 209 32 217
B 114 229 122 237
B 114 209 122 217
B 115 220 121 226
B 100 220 106 226
B 100 200 106 206
B 100 210 106 216
B 100 230 106 236
B 70 230 76 236
B 40 230 46 236
B 40 210 46 216
B 70 210 76 216
B 130 240 136 246
B 130 220 136 226
B 129 229 137 237
B 9 229 17 237
B 9 209 17 217
B 129 209 137 217
B 70 220 76 226
B 55 220 61 226
B 40 220 46 226
B 25 220 31 226
B 70 200 76 206
B 55 200 61 206
B 40 200 46 206
B 25 200 31 206
B 85 77 91 83
B 85 87 91 93
B 85 107 91 113
B 84 116 92 124
B 54 116 62 124
B 84 96 92 104
B 84 66 92 74
B 54 96 62 104
B 54 66 62 74
B 24 66 32 74
B 24 96 32 104
B 24 116 32 124
B 85 127 91 133
B 85 147 91 153
B 85 157 91 163
B 85 177 91 183
B 70 127 76 133
B 55 127 61 133
B 40 127 46 133
B 25 127 31 133
B 70 137 76 143
B 70 147 76 153
B 70 157 76 163
B 70 167 76 173
B 70 177 76 183
B 55 147 61 153
B 55 157 61 163
B 55 177 61 183
B 40 137 46 143
B 40 147 46 153
B 40 157 46 163
B 40 167 46 173
B 40 177 46 183
B 25 147 31 153
B 25 157 31 163
B 25 177 31 183
B 55 107 61 113
B 70 107 76 113
B 70 97 76 103
B 70 87 76 93
B 70 77 76 83
B 70 67 76 73
B 55 77 61 83
B 55 87 61 93
B 40 107 46 113
B 40 97 46 103
B 40 87 46 93
B 40 77 46 83
B 40 67 46 73
B 25 77 31 83
B 25 87 31 93
B 25 107 31 113
B 100 57 106 63
B 100 67 106 73
B 100 77 106 83
B 100 87 106 93
B 100 97 106 103
B 100 107 106 113
B 100 117 106 123
B 100 127 106 133
B 100 137 106 143
B 100 147 106 153
B 100 157 106 163
B 100 167 106 173
B 115 157 121 163
B 115 147 121 153
B 115 127 121 133
B 115 107 121 113
B 115 87 121 93
B 115 77 121 83
B 115 57 121 63
B 130 177 136 183
B 130 157 136 163
B 130 147 136 153
B 130 127 136 133
B 130 107 136 113
B 130 87 136 93
B 130 77 136 83
B 130 57 136 63
B 10 57 16 63
B 10 77 16 83
B 10 87 16 93
B 10 107 16 113
B 10 127 16 133
B 10 147 16 153
B 10 157 16 163
B 10 177 16 183
B 129 116 137 124
B 114 116 122 124
B 129 136 137 144
B 114 136 122 144
B 129 166 137 174
B 114 166 122 174
B 84 166 92 174
B 84 136 92 144
B 54 136 62 144
B 54 166 62 174
B 24 166 32 174
B 9 166 17 174
B 9 136 17 144
B 24 136 32 144
B 9 96 17 104
B 9 66 17 74
B 114 66 122 74
B 129 66 137 74
B 114 96 122 104
B 129 96 137 104
B 9 189 17 197
B 24 189 32 197
B 115 337 121 343
B 115 317 121 323
B 115 297 121 303
B 100 297 106 303
B 100 307 106 313
B 100 317 106 323
B 100 327 106 333
B 100 337 106 343
B 100 347 106 353
B 85 337 91 343
B 85 317 91 323
B 85 297 91 303
B 70 297 76 303
B 70 307 76 313
B 70 317 76 323
B 70 327 76 333
B 70 337 76 343
B 70 347 76 353
B 55 337 61 343
B 55 317 61 323
B 55 297 61 303
B 40 297 46 303
B 40 307 46 313
B 40 317 46 323
B 40 327 46 333
B 40 337 46 343
B 40 347 46 353
B 25 337 31 343
B 25 317 31 323
B 25 297 31 303
B 130 337 136 343
B 130 317 136 323
B 130 297 136 303
B 10 297 16 303
B 10 317 16 323
B 10 337 16 343
B 10 357 16 363
B 10 282 16 288
B 25 282 31 288
B 55 282 61 288
B 85 282 91 288
B 55 372 61 378
B 130 372 136 378
B 129 306 137 314
B 114 306 122 314
B 114 326 122 334
B 129 326 137 334
B 129 346 137 354
B 114 346 122 354
B 84 306 92 314
B 84 326 92 334
B 84 346 92 354
B 54 346 62 354
B 54 326 62 334
B 54 306 62 314
B 24 306 32 314
B 9 306 17 314
B 9 326 17 334
B 24 326 32 334
B 24 346 32 354
B 9 346 17 354
B 56 14 64 22
B 69 14 77 22
B 81 14 89 22
B 94 14 102 22
B 106 14 114 22
B 119 14 127 22
B 21 14 29 22
B 9 14 17 22
B 39 -4 47 4
L 60
B 152 10 158 26
B 152 202 158 283
B 152 32 158 183
B 40 -3 46 3
B -8 10 -2 26
B -8 32 -2 183
B -8 202 -2 283
B 25 387 126 393
L 12
B 115 32 136 263
B 55 32 136 38
B 55 45 76 51
B 70 45 76 366
B 55 57 61 263
B 55 360 76 366
B 55 282 61 353
B 85 360 106 393
B 10 372 76 378
B 10 282 31 378
B 10 282 16 378
B 115 372 136 378
B 130 282 136 378
B 115 282 121 366
B 25 282 31 363
B 85 57 91 183
B 85 200 91 263
B 130 32 136 183
B 85 190 106 196
B 115 32 136 183
B 115 32 121 183
B 115 32 158 183
B 85 45 106 51
B 100 45 106 366
B 85 360 106 366
B 115 282 136 353
B 85 282 91 353
B 115 282 136 288
B 25 32 31 263
B 10 32 31 263
B 10 257 31 263
B 10 32 16 263
B 115 202 121 263
B 130 202 136 263
B 115 257 136 263
B 115 282 158 353
B 152 202 158 353
B 55 10 158 26
B 40 -3 46 353
B -8 202 -2 353
B -8 282 31 353
B -8 32 31 183
B -8 10 31 26
B 25 387 126 441
B 25 387 126 441
B -8 10 31 26
B -8 32 31 183
B -8 282 31 353
B -8 202 -2 353
B 40 -3 46 353
B 55 10 158 26
B 152 202 158 353
B 115 282 158 353
B 115 257 136 263
B 130 202 136 263
B 115 202 121 263
B 10 32 16 263
B 10 257 31 263
B 10 32 31 263
B 25 32 31 263
B 115 282 136 288
B 85 282 91 353
B 115 282 136 353
B 85 360 106 366
B 100 45 106 366
B 85 45 106 51
B 115 32 158 183
B 115 32 121 183
B 115 32 136 183
B 85 190 106 196
B 130 32 136 183
B 85 200 91 263
B 85 57 91 183
B 25 282 31 363
B 115 282 121 366
B 130 282 136 378
B 115 372 136 378
B 10 282 16 378
B 10 282 31 378
B 10 372 76 378
B 85 360 106 393
B 55 282 61 353
B 55 360 76 366
B 55 57 61 263
B 70 45 76 366
B 55 45 76 51
B 55 32 136 38
B 115 32 136 263
L 13
B 11 118 15 122
B 116 283 120 287
B 86 231 90 235
B 86 211 90 215
B 56 211 60 215
B 56 231 60 235
B 26 231 30 235
B 26 211 30 215
B 116 231 120 235
B 116 211 120 215
B 131 231 135 235
B 11 231 15 235
B 11 211 15 215
B 131 211 135 215
B 86 118 90 122
B 56 118 60 122
B 86 98 90 102
B 86 68 90 72
B 56 98 60 102
B 56 68 60 72
B 26 68 30 72
B 26 98 30 102
B 26 118 30 122
B 131 118 135 122
B 116 118 120 122
B 131 138 135 142
B 116 138 120 142
B 131 168 135 172
B 116 168 120 172
B 86 168 90 172
B 86 138 90 142
B 56 138 60 142
B 56 168 60 172
B 26 168 30 172
B 11 168 15 172
B 11 138 15 142
B 26 138 30 142
B 11 98 15 102
B 11 68 15 72
B 116 68 120 72
B 131 68 135 72
B 116 98 120 102
B 131 98 135 102
B 11 191 15 195
B 26 191 30 195
B 131 308 135 312
B 116 308 120 312
B 116 328 120 332
B 131 328 135 332
B 131 348 135 352
B 116 348 120 352
B 86 308 90 312
B 86 328 90 332
B 86 348 90 352
B 56 348 60 352
B 56 328 60 332
B 56 308 60 312
B 26 308 30 312
B 11 308 15 312
B 11 328 15 332
B 26 328 30 332
B 26 348 30 352
B 11 348 15 352
B 58 16 62 20
B 71 16 75 20
B 83 16 87 20
B 96 16 100 20
B 108 16 112 20
B 121 16 125 20
B 23 16 27 20
B 11 16 15 20
B 41 -2 45 2
L 11
B 117 192 119 194
B 57 47 59 49
B 72 192 74 194
B 57 362 59 364
B 117 362 119 364
B 87 192 89 194
B 87 47 89 49
B 87 362 89 364
L 14
B 9 116 17 124
B 114 281 122 289
B 84 229 92 237
B 84 209 92 217
B 54 209 62 217
B 54 229 62 237
B 24 229 32 237
B 24 209 32 217
B 114 229 122 237
B 114 209 122 217
B 129 229 137 237
B 9 229 17 237
B 9 209 17 217
B 129 209 137 217
B 84 116 92 124
B 54 116 62 124
B 84 96 92 104
B 84 66 92 74
B 54 96 62 104
B 54 66 62 74
B 24 66 32 74
B 24 96 32 104
B 24 116 32 124
B 129 116 137 124
B 114 116 122 124
B 129 136 137 144
B 114 136 122 144
B 129 166 137 174
B 114 166 122 174
B 84 166 92 174
B 84 136 92 144
B 54 136 62 144
B 54 166 62 174
B 24 166 32 174
B 9 166 17 174
B 9 136 17 144
B 24 136 32 144
B 9 96 17 104
B 9 66 17 74
B 114 66 122 74
B 129 66 137 74
B 114 96 122 104
B 129 96 137 104
B 9 189 17 197
B 24 189 32 197
B 129 306 137 314
B 114 306 122 314
B 114 326 122 334
B 129 326 137 334
B 129 346 137 354
B 114 346 122 354
B 84 306 92 314
B 84 326 92 334
B 84 346 92 354
B 54 346 62 354
B 54 326 62 334
B 54 306 62 314
B 24 306 32 314
B 9 306 17 314
B 9 326 17 334
B 24 326 32 334
B 24 346 32 354
B 9 346 17 354
B 56 14 64 22
B 69 14 77 22
B 81 14 89 22
B 94 14 102 22
B 106 14 114 22
B 119 14 127 22
B 21 14 29 22
B 9 14 17 22
B 39 -4 47 4
L 60
B 40 -3 46 3
B 25 387 126 393
L 14
B 10 32 136 263
B 10 282 136 378
B 7 10 136 26
B 25 387 126 441
B 25 387 126 441
B 7 10 136 26
B 10 282 136 378
B 10 32 136 263
