; structure creation     : 65407/1012/36894 (0:20696:13825)
; structure modification : 65407/1012/36894 (0:20696:13825)
; structure name : noa22_x1
L 1
B -3 63 78 133
L 2
B -3 -3 78 53
L 8
B 2 4 58 34
B 62 67 73 86
B 62 104 73 124
L 9
B 62 2 73 21
B 62 29 73 49
B 2 66 58 122
L 4
B 5 85 11 91
B 35 22 41 28
B 5 10 11 16
B 5 97 11 103
B 35 97 41 103
B 50 110 56 116
B 20 85 26 91
B 35 22 41 28
B 50 10 56 16
B 65 40 71 46
B 65 70 71 76
B 65 115 71 121
B 65 5 71 11
B 49 6 56 32
B 37 6 53 32
B 34 6 41 32
B 22 6 38 32
B 19 6 26 32
B 4 6 11 32
B 7 6 23 32
B 22 68 38 120
B 19 68 26 120
B 7 68 23 120
B 4 68 11 120
B 34 68 41 120
B 37 68 53 120
B 49 68 56 120
B 64 106 71 122
B 64 69 71 84
B 64 31 71 47
B 64 4 71 19
B 64 4 71 19
B 64 31 71 47
B 64 69 71 84
B 64 106 71 122
B 49 68 56 120
B 37 68 53 120
B 34 68 41 120
B 4 68 11 120
B 7 68 23 120
B 19 68 26 120
B 22 68 38 120
B 7 6 23 32
B 4 6 11 32
B 19 6 26 32
B 22 6 38 32
B 34 6 41 32
B 37 6 53 32
B 49 6 56 32
L 7
B 9 59 16 66
B 9 34 16 41
B 22 47 29 54
B 47 47 54 54
B 24 47 31 54
B 44 47 51 54
B 44 3 46 35
B 29 3 31 35
B 14 3 16 35
B 29 65 31 123
B 14 65 16 123
B 44 65 46 123
B 29 34 31 66
B 44 34 46 66
B 44 34 46 66
B 29 34 31 66
B 44 65 46 123
B 14 65 16 123
B 29 65 31 123
B 14 3 16 35
B 29 3 31 35
B 44 3 46 35
B 44 47 51 54
B 24 47 31 54
L 6
B 3 83 13 93
B 3 95 13 105
B 33 95 43 105
B 48 108 58 118
B 18 83 28 93
B 20 66 40 122
B 17 66 28 122
B 5 66 25 122
B 2 66 13 122
B 32 66 43 122
B 35 66 55 122
B 47 66 58 122
B 47 66 58 122
B 35 66 55 122
B 32 66 43 122
B 2 66 13 122
B 5 66 25 122
B 17 66 28 122
B 20 66 40 122
L 5
B 33 20 43 30
B 3 8 13 18
B 33 20 43 30
B 48 8 58 18
B 47 4 58 34
B 35 4 55 34
B 32 4 43 34
B 20 4 40 34
B 17 4 28 34
B 2 4 13 34
B 5 4 25 34
B 5 4 25 34
B 2 4 13 34
B 17 4 28 34
B 20 4 40 34
B 32 4 43 34
B 35 4 55 34
B 47 4 58 34
L 3
B -1 -1 76 51
B -1 65 76 131
B -1 65 76 131
B -1 -1 76 51
L 10
B 7 87 9 89
B 37 24 39 26
B 7 12 9 14
B 7 99 9 101
B 37 99 39 101
B 52 112 54 114
B 22 87 24 89
B 37 24 39 26
B 52 12 54 14
B 67 42 69 44
B 67 72 69 74
B 67 117 69 119
B 67 7 69 9
L 12
B 10 60 16 66
B 10 35 16 41
B 5 85 11 91
B 35 22 41 28
B 5 10 11 16
B 22 47 28 53
B 47 47 53 53
B 5 97 11 103
B 35 97 41 103
B 50 110 56 116
B 20 85 26 91
B 35 22 41 28
B 50 10 56 16
B 65 40 71 46
B 65 70 71 76
B 65 115 71 121
B 65 5 71 11
B 35 22 41 91
B 5 85 11 103
B 20 85 41 91
B 22 22 28 78
B 10 22 16 78
B 5 97 41 103
B 47 22 53 103
B 65 70 71 116
B 65 10 71 46
L 60
B -3 -1 78 16
B -3 110 78 126
B 35 22 41 91
B 47 22 53 103
B 22 22 28 78
B 10 22 16 78
L 12
B 10 22 16 78
B 22 22 28 78
B 47 22 53 103
B 35 22 41 91
B -3 110 78 126
B -3 -1 78 16
B 65 10 71 46
B 65 70 71 116
B 47 22 53 103
B 5 97 41 103
B 10 22 16 78
B 22 22 28 78
B 20 85 41 91
B 5 85 11 103
B 35 22 41 91
L 11
B 12 62 14 64
B 12 37 14 39
B 24 49 26 51
B 49 49 51 51
L 31
B 12 49 14 51
L 60
L 31
B 37 87 39 89
L 60
L 31
B 37 74 39 76
L 60
L 31
B 37 62 39 64
L 60
L 31
B 37 49 39 51
L 60
L 31
B 37 37 39 39
L 60
L 31
B 37 24 39 26
L 60
L 31
B 49 87 51 89
L 60
L 31
B 49 74 51 76
L 60
L 31
B 49 62 51 64
L 60
L 31
B 49 49 51 51
L 60
L 31
B 49 37 51 39
L 60
L 31
B 49 24 51 26
L 60
L 31
B 24 24 26 26
L 60
L 31
B 24 37 26 39
L 60
L 31
B 24 49 26 51
L 60
L 31
B 24 62 26 64
L 60
L 31
B 24 74 26 76
L 60
L 31
B 12 74 14 76
L 60
L 31
B 12 37 14 39
L 60
L 31
B 12 24 14 26
L 60
L 31
B 49 99 51 101
L 60
