; structure creation     : 65407/1012/36894 (0:20696:13825)
; structure modification : 65407/1012/36894 (0:20696:13825)
; structure name : sff1_x4
L 1
B -3 63 228 133
L 2
B -3 -3 228 53
L 8
B 17 6 28 34
B 2 16 43 34
B 3 110 13 120
B 33 110 43 120
B 62 6 73 34
B 44 16 118 34
B 107 4 118 34
B 93 110 103 120
B 107 4 148 22
B 137 4 148 34
B 44 16 223 22
B 182 4 223 34
B 137 16 223 34
L 9
B 2 79 43 109
B 17 79 28 119
B 34 2 56 13
B 33 3 58 13
B 77 79 88 122
B 44 91 88 122
B 79 2 101 13
B 78 3 103 13
B 107 79 118 122
B 77 79 118 109
B 154 2 176 13
B 153 3 178 13
B 107 91 223 122
B 44 91 223 109
B 182 66 223 122
L 4
B 95 112 101 118
B 47 22 53 28
B 47 97 53 103
B 5 97 11 103
B 35 85 41 91
B 155 97 161 103
B 125 110 131 116
B 140 97 146 103
B 215 72 221 78
B 200 72 206 78
B 185 72 191 78
B 185 85 191 91
B 185 97 191 103
B 215 110 221 116
B 185 110 191 116
B 215 97 221 103
B 215 85 221 91
B 65 110 71 116
B 155 22 161 28
B 125 10 131 16
B 95 22 101 28
B 140 22 146 28
B 215 10 221 16
B 185 10 191 16
B 215 22 221 28
B 185 22 191 28
B 200 22 206 28
B 65 10 71 16
B 20 10 26 16
B 5 85 11 91
B 20 110 26 116
B 35 5 41 11
B 50 5 56 11
B 80 5 86 11
B 95 5 101 11
B 5 22 11 28
B 35 22 41 28
B 200 97 206 103
B 200 85 206 91
B 155 5 161 11
B 170 5 176 11
B 95 85 101 91
B 35 112 41 118
B 5 112 11 118
B 46 18 54 32
B 46 93 54 120
B 156 4 174 11
B 81 4 99 11
B 36 4 54 11
B 136 93 144 120
B 121 93 129 120
B 127 93 143 120
B 199 68 206 120
B 202 68 218 120
B 214 68 221 120
B 187 68 203 120
B 184 68 191 120
B 67 93 83 120
B 169 93 176 120
B 52 93 68 120
B 64 93 71 120
B 127 6 143 20
B 139 6 146 20
B 124 6 131 20
B 139 6 146 32
B 184 6 191 32
B 199 6 206 32
B 202 6 218 32
B 214 6 221 32
B 169 18 176 32
B 187 6 203 32
B 94 18 101 32
B 109 6 116 32
B 52 18 68 32
B 67 18 83 32
B 64 8 71 32
B 22 81 38 107
B 7 81 23 107
B 4 81 11 107
B 19 81 26 117
B 4 18 11 32
B 7 18 23 32
B 34 18 41 32
B 22 18 38 32
B 19 8 26 32
B 34 81 41 107
B 94 81 101 107
B 109 81 116 120
B 79 81 86 120
B 79 18 86 32
B 82 18 98 32
B 82 81 98 107
B 112 93 128 120
B 97 81 113 107
B 97 18 113 32
B 112 6 128 20
B 142 18 158 32
B 142 93 158 120
B 157 93 173 120
B 172 93 188 120
B 172 18 188 32
B 157 18 173 32
B 154 93 161 120
B 154 18 161 32
B 154 18 161 32
B 154 93 161 120
B 157 18 173 32
B 172 18 188 32
B 172 93 188 120
B 157 93 173 120
B 142 93 158 120
B 142 18 158 32
B 112 6 128 20
B 97 18 113 32
B 97 81 113 107
B 112 93 128 120
B 82 81 98 107
B 82 18 98 32
B 79 18 86 32
B 79 81 86 120
B 109 81 116 120
B 94 81 101 107
B 34 81 41 107
B 19 8 26 32
B 22 18 38 32
B 34 18 41 32
B 7 18 23 32
B 4 18 11 32
B 19 81 26 117
B 4 81 11 107
B 7 81 23 107
B 22 81 38 107
B 64 8 71 32
B 67 18 83 32
B 52 18 68 32
B 109 6 116 32
B 94 18 101 32
B 187 6 203 32
B 169 18 176 32
B 214 6 221 32
B 202 6 218 32
B 199 6 206 32
B 184 6 191 32
B 139 6 146 32
B 124 6 131 20
B 139 6 146 20
B 127 6 143 20
B 64 93 71 120
B 52 93 68 120
B 169 93 176 120
B 67 93 83 120
B 184 68 191 120
B 187 68 203 120
B 214 68 221 120
B 202 68 218 120
B 199 68 206 120
B 127 93 143 120
B 121 93 129 120
B 136 93 144 120
B 36 4 54 11
B 81 4 99 11
B 156 4 174 11
B 46 93 54 120
B 46 18 54 32
L 7
B 182 47 189 54
B 122 84 129 91
B 182 59 189 66
B 182 34 189 41
B 127 34 134 41
B 152 47 159 54
B 127 72 134 79
B 97 47 104 54
B 122 22 129 29
B 157 84 164 91
B 17 72 24 79
B 4 59 11 66
B 47 72 54 79
B 59 84 66 91
B 59 34 66 41
B 72 34 79 41
B 72 72 79 79
B 84 59 91 66
B 84 34 91 41
B 17 34 24 41
B 84 72 91 79
B 34 47 41 54
B 4 62 11 69
B 84 62 91 69
B 4 67 166 69
L 255
L 7
B 164 34 166 69
B 104 67 106 79
B 149 67 151 91
B 182 47 211 54
L 255
L 7
B 179 59 181 91
B 194 34 196 66
B 179 34 189 41
B 179 59 189 66
B 209 34 211 66
B 149 34 151 51
B 134 22 136 39
B 134 74 136 91
B 104 34 106 51
B 134 90 136 123
B 209 65 211 123
B 194 65 196 123
B 74 90 76 123
B 59 90 61 123
B 134 3 136 23
B 209 3 211 35
B 194 3 196 35
B 59 15 61 35
B 74 15 76 35
B 29 78 31 110
B 14 78 16 110
B 14 72 24 79
B 149 47 159 54
B 97 47 106 54
B 127 72 136 79
B 157 84 166 91
B 119 84 129 91
B 127 34 136 41
B 119 22 129 29
B 49 74 76 76
B 14 15 16 35
B 29 15 31 35
B 29 34 31 79
B 14 34 24 41
B 39 49 151 51
L 255
L 7
B 74 77 76 91
B 89 15 91 35
B 89 78 91 110
B 119 90 121 123
B 104 78 106 110
B 104 15 106 35
B 119 3 121 23
B 149 15 151 35
B 149 90 151 123
B 164 90 166 123
B 179 90 181 123
B 179 15 181 35
B 164 15 166 35
B 164 15 166 35
B 179 15 181 35
B 179 90 181 123
B 164 90 166 123
B 149 90 151 123
B 149 15 151 35
B 119 3 121 23
B 104 15 106 35
B 104 78 106 110
B 119 90 121 123
B 89 78 91 110
B 89 15 91 35
B 74 77 76 91
B 39 49 151 51
B 14 34 24 41
B 29 34 31 79
B 29 15 31 35
B 14 15 16 35
B 49 74 76 76
B 119 22 129 29
B 127 34 136 41
B 119 84 129 91
B 157 84 166 91
B 127 72 136 79
B 97 47 106 54
B 149 47 159 54
B 14 72 24 79
B 14 78 16 110
B 29 78 31 110
B 74 15 76 35
B 59 15 61 35
B 194 3 196 35
B 209 3 211 35
B 134 3 136 23
B 59 90 61 123
B 74 90 76 123
B 194 65 196 123
B 209 65 211 123
B 134 90 136 123
B 104 34 106 51
B 134 74 136 91
B 134 22 136 39
B 149 34 151 51
B 209 34 211 66
B 179 59 189 66
B 179 34 189 41
B 194 34 196 66
B 179 59 181 91
B 182 47 211 54
B 149 67 151 91
B 104 67 106 79
B 164 34 166 69
B 4 67 166 69
B 84 62 91 69
B 4 62 11 69
L 6
B 45 95 55 105
B 3 95 13 105
B 33 83 43 93
B 153 95 163 105
B 123 108 133 118
B 138 95 148 105
B 213 70 223 80
B 198 70 208 80
B 183 70 193 80
B 183 83 193 93
B 183 95 193 105
B 213 108 223 118
B 183 108 193 118
B 213 95 223 105
B 213 83 223 93
B 63 108 73 118
B 3 83 13 93
B 18 108 28 118
B 198 95 208 105
B 198 83 208 93
B 93 83 103 93
B 44 91 56 122
B 134 91 146 122
B 119 91 131 122
B 125 91 145 122
B 197 66 208 122
B 200 66 220 122
B 212 66 223 122
B 185 66 205 122
B 182 66 193 122
B 65 91 85 122
B 167 91 178 122
B 50 91 70 122
B 62 91 73 122
B 20 79 40 109
B 5 79 25 109
B 2 79 13 109
B 17 79 28 119
B 32 79 43 109
B 92 79 103 109
B 107 79 118 122
B 77 79 88 122
B 80 79 100 109
B 110 91 130 122
B 95 79 115 109
B 140 91 160 122
B 155 91 175 122
B 170 91 190 122
B 152 91 163 122
B 152 91 163 122
B 170 91 190 122
B 155 91 175 122
B 140 91 160 122
B 95 79 115 109
B 110 91 130 122
B 80 79 100 109
B 77 79 88 122
B 107 79 118 122
B 92 79 103 109
B 32 79 43 109
B 17 79 28 119
B 2 79 13 109
B 5 79 25 109
B 20 79 40 109
B 62 91 73 122
B 50 91 70 122
B 167 91 178 122
B 65 91 85 122
B 182 66 193 122
B 185 66 205 122
B 212 66 223 122
B 200 66 220 122
B 197 66 208 122
B 125 91 145 122
B 119 91 131 122
B 134 91 146 122
B 44 91 56 122
L 5
B 45 20 55 30
B 153 20 163 30
B 123 8 133 18
B 93 20 103 30
B 138 20 148 30
B 213 8 223 18
B 183 8 193 18
B 213 20 223 30
B 183 20 193 30
B 198 20 208 30
B 63 8 73 18
B 18 8 28 18
B 3 20 13 30
B 33 20 43 30
B 44 16 56 34
B 125 4 145 22
B 137 4 148 22
B 122 4 133 22
B 137 4 148 34
B 182 4 193 34
B 197 4 208 34
B 200 4 220 34
B 212 4 223 34
B 167 16 178 34
B 185 4 205 34
B 92 16 103 34
B 107 4 118 34
B 50 16 70 34
B 65 16 85 34
B 62 6 73 34
B 2 16 13 34
B 5 16 25 34
B 32 16 43 34
B 20 16 40 34
B 17 6 28 34
B 77 16 88 34
B 80 16 100 34
B 95 16 115 34
B 110 4 130 22
B 140 16 160 34
B 170 16 190 34
B 155 16 175 34
B 152 16 163 34
B 152 16 163 34
B 155 16 175 34
B 170 16 190 34
B 140 16 160 34
B 110 4 130 22
B 95 16 115 34
B 80 16 100 34
B 77 16 88 34
B 17 6 28 34
B 20 16 40 34
B 32 16 43 34
B 5 16 25 34
B 2 16 13 34
B 62 6 73 34
B 65 16 85 34
B 50 16 70 34
B 107 4 118 34
B 92 16 103 34
B 185 4 205 34
B 167 16 178 34
B 212 4 223 34
B 200 4 220 34
B 197 4 208 34
B 182 4 193 34
B 137 4 148 34
B 122 4 133 22
B 137 4 148 22
B 125 4 145 22
B 44 16 56 34
L 3
B -1 -1 226 51
B -1 65 226 131
B -1 65 226 131
B -1 -1 226 51
L 10
B 97 114 99 116
B 49 24 51 26
B 49 99 51 101
B 7 99 9 101
B 37 87 39 89
B 157 99 159 101
B 127 112 129 114
B 142 99 144 101
B 217 74 219 76
B 202 74 204 76
B 187 74 189 76
B 187 87 189 89
B 187 99 189 101
B 217 112 219 114
B 187 112 189 114
B 217 99 219 101
B 217 87 219 89
B 67 112 69 114
B 157 24 159 26
B 127 12 129 14
B 97 24 99 26
B 142 24 144 26
B 217 12 219 14
B 187 12 189 14
B 217 24 219 26
B 187 24 189 26
B 202 24 204 26
B 67 12 69 14
B 22 12 24 14
B 7 87 9 89
B 22 112 24 114
B 37 7 39 9
B 52 7 54 9
B 82 7 84 9
B 97 7 99 9
B 7 24 9 26
B 37 24 39 26
B 202 99 204 101
B 202 87 204 89
B 157 7 159 9
B 172 7 174 9
B 97 87 99 89
B 37 114 39 116
B 7 114 9 116
L 12
B 95 112 101 118
B 47 22 53 28
B 47 97 53 103
B 182 47 188 53
B 5 97 11 103
B 35 85 41 91
B 122 85 128 91
B 182 60 188 66
B 182 35 188 41
B 127 35 133 41
B 152 47 158 53
B 127 72 133 78
B 97 47 103 53
B 122 22 128 28
B 157 85 163 91
B 155 97 161 103
B 125 110 131 116
B 140 97 146 103
B 215 72 221 78
B 200 72 206 78
B 185 72 191 78
B 185 85 191 91
B 185 97 191 103
B 215 110 221 116
B 185 110 191 116
B 215 97 221 103
B 215 85 221 91
B 65 110 71 116
B 155 22 161 28
B 125 10 131 16
B 95 22 101 28
B 140 22 146 28
B 215 10 221 16
B 185 10 191 16
B 215 22 221 28
B 185 22 191 28
B 200 22 206 28
B 65 10 71 16
B 20 10 26 16
B 5 85 11 91
B 20 110 26 116
B 17 72 23 78
B 5 60 11 66
B 47 72 53 78
B 35 5 41 11
B 50 5 56 11
B 80 5 86 11
B 95 5 101 11
B 60 85 66 91
B 60 35 66 41
B 72 35 78 41
B 72 72 78 78
B 85 60 91 66
B 85 35 91 41
B 5 22 11 28
B 35 22 41 28
B 17 35 23 41
B 200 97 206 103
B 200 85 206 91
B 155 5 161 11
B 170 5 176 11
B 85 72 91 78
B 95 85 101 91
B 35 47 41 53
B 35 112 41 118
B 5 112 11 118
B 182 60 203 66
B 182 35 203 41
B 170 47 188 53
B 47 22 53 103
B 60 97 78 103
B 60 22 78 28
B 60 22 66 103
B 5 85 11 103
B 35 22 41 91
B 122 85 146 91
B 140 22 146 103
L 60
L 12
B 185 10 191 28
B 215 10 221 28
B 185 72 191 116
B 215 72 221 116
B 110 35 133 41
B 95 22 116 28
B 122 22 146 28
B 155 47 161 91
B 110 72 133 78
L 60
B -3 110 228 126
B -3 -1 228 16
L 12
B 85 35 91 66
B 5 22 11 91
B 85 72 103 78
B 97 47 103 78
B 72 35 78 78
L 60
L 12
B 95 85 116 91
B 170 22 176 103
B 110 22 116 91
L 60
L 12
B 155 22 176 28
B 155 97 176 103
L 60
B 197 22 203 103
B 22 22 28 103
L 12
B 22 22 28 103
B 17 72 28 78
B 17 35 28 41
B 197 22 203 103
L 60
B 60 22 66 103
L 12
B 60 22 66 103
B 197 22 203 103
B 17 35 28 41
B 17 72 28 78
B 22 22 28 103
B 22 22 28 103
B 197 22 203 103
B 155 97 176 103
B 155 22 176 28
B 110 22 116 91
B 170 22 176 103
B 95 85 116 91
B 72 35 78 78
B 97 47 103 78
B 85 72 103 78
B 5 22 11 91
B 85 35 91 66
B -3 -1 228 16
B -3 110 228 126
B 110 72 133 78
B 155 47 161 91
B 122 22 146 28
B 95 22 116 28
B 110 35 133 41
B 215 72 221 116
B 185 72 191 116
B 215 10 221 28
B 185 10 191 28
B 140 22 146 103
B 122 85 146 91
B 35 22 41 91
B 5 85 11 103
B 60 22 66 103
B 60 22 78 28
B 60 97 78 103
B 47 22 53 103
B 170 47 188 53
B 182 35 203 41
B 182 60 203 66
L 11
B 184 49 186 51
B 124 87 126 89
B 184 62 186 64
B 184 37 186 39
B 129 37 131 39
B 154 49 156 51
B 129 74 131 76
B 99 49 101 51
B 124 24 126 26
B 159 87 161 89
B 19 74 21 76
B 7 62 9 64
B 49 74 51 76
B 62 87 64 89
B 62 37 64 39
B 74 37 76 39
B 74 74 76 76
B 87 62 89 64
B 87 37 89 39
B 19 37 21 39
B 87 74 89 76
B 37 49 39 51
L 31
B 199 49 201 51
L 60
L 31
B 24 99 26 101
L 60
L 31
B 24 87 26 89
L 60
L 31
B 24 74 26 76
L 60
L 31
B 24 62 26 64
L 60
L 31
B 24 49 26 51
L 60
L 31
B 24 37 26 39
L 60
L 31
B 24 24 26 26
L 60
L 31
B 74 99 76 101
L 60
L 31
B 62 74 64 76
L 60
L 31
B 62 62 64 64
L 60
L 31
B 62 49 64 51
L 60
L 31
B 74 24 76 26
L 60
L 31
B 199 99 201 101
L 60
L 31
B 199 87 201 89
L 60
L 31
B 199 74 201 76
L 60
L 31
B 199 62 201 64
L 60
L 31
B 199 37 201 39
L 60
L 31
B 199 24 201 26
L 60
