; structure creation     : 65407/1012/36894 (0:20696:13825)
; structure modification : 65407/1012/36894 (0:20696:13825)
; structure name : tie_x0
L 1
B -3 63 28 133
L 2
B -3 -3 28 53
L 8
B 7 72 18 116
B 8 70 18 118
L 9
B 7 9 18 41
B 8 8 18 43
L 4
B 10 35 16 41
B 10 22 16 28
B 10 10 16 16
B 10 72 16 78
B 10 85 16 91
B 10 97 16 103
B 10 110 16 116
B 9 74 16 114
B 9 11 16 39
B 9 11 16 39
B 9 74 16 114
L 3
B -1 65 26 131
B -1 -1 26 51
B -1 -1 26 51
B -1 65 26 131
L 10
B 12 37 14 39
B 12 24 14 26
B 12 12 14 14
B 12 74 14 76
B 12 87 14 89
B 12 99 14 101
B 12 112 14 114
L 12
B 10 35 16 41
B 10 22 16 28
B 10 10 16 16
B 10 72 16 78
B 10 85 16 91
B 10 97 16 103
B 10 110 16 116
B 10 10 16 41
B 10 72 16 116
L 60
B -3 110 28 126
B -3 -1 28 16
L 12
B -3 -1 28 16
B -3 110 28 126
B 10 72 16 116
B 10 10 16 41
