; structure creation     : 12/2/17 (6:45:15)
; structure modification : 18/2/17 (13:14:43)
; structure name : ALU5
L 1
B -70 813 385 815
B -70 583 385 585
B -70 353 385 355
B -70 123 385 125
L 3
B -68 811 383 817
B -68 581 383 587
B -68 351 383 357
B -68 121 383 127
L 12
; [strans] magnification(x 10) not supported
; [strans] magnification(x 10) not supported
; [strans] magnification(x 10) not supported
; [strans] magnification(x 10) not supported
; [strans] magnification(x 10) not supported
; [strans] magnification(x 10) not supported
; [strans] magnification(x 10) not supported
; [strans] magnification(x 10) not supported
; [strans] magnification(x 10) not supported
W 6 450 970 537 970
W 6 -130 1014 -130 1107
W 6 -90 1033 -90 1107
B 461 446 500 478
B 461 906 500 938
B 461 676 500 708
B 461 216 500 248
B -170 920 -78 932
B 377 107 530 141
B 377 337 530 371
B 377 567 530 601
B -200 122 -78 141
B -78 349 -62 371
B -200 582 -78 601
B -78 809 -62 831
B -78 1027 377 1100
W 6 -75 -16 -207 -16
W 6 -142 83 -207 83
W 6 -142 313 -207 313
W 6 -142 543 -207 543
W 6 -142 773 -207 773
W 6 -118 992 -118 1024
W 6 -118 762 -118 794
W 6 -130 554 -130 532
W 6 -130 324 -130 302
B -109 989 -87 995
B -109 759 -87 765
B -109 529 -87 535
B -109 299 -87 305
B -62 809 377 819
B -62 579 377 589
B -62 349 377 359
B -62 119 377 129
B -109 69 -87 75
W 6 -118 302 -118 334
W 6 -118 532 -118 564
W 6 -130 784 -130 762
W 6 -130 1014 -130 992
W 6 -142 1003 -207 1003
W 6 -75 214 -207 214
W 6 -75 444 -207 444
W 6 -75 674 -207 674
W 6 -75 904 -207 904
B -62 -160 469 -89
B -200 812 -78 831
B -78 579 -62 601
B -200 352 -78 371
B -78 119 -62 141
B 377 797 530 831
B -170 690 -78 702
B -170 460 -78 472
B -170 230 -78 242
B -170 0 -78 12
B 461 -14 500 18
W 6 -118 1024 -118 1107
W 6 422 981 422 1107
W 6 450 740 537 740
W 6 450 510 537 510
W 6 450 280 537 280
W 6 450 50 537 50
; [strans] magnification(x 10) not supported
; [strans] magnification(x 10) not supported
; [strans] magnification(x 10) not supported
; [strans] magnification(x 10) not supported
; [strans] magnification(x 10) not supported
; [strans] magnification(x 10) not supported
; [strans] magnification(x 10) not supported
; [strans] magnification(x 10) not supported
; [strans] magnification(x 10) not supported
; [strans] magnification(x 10) not supported
L 14
; [strans] magnification(x 20) not supported
W 20 -190 1090 -190 -150 520 -150 520 1090 -170 1090
W 20 -160 1060 -160 -120 490 -120 490 1060 -140 1060
W 6 -142 83 -100 83
W 6 -142 313 -100 313
W 6 -142 543 -100 543
W 6 -142 773 -100 773
W 6 -100 1013 -130 1013
W 6 -130 992 -130 783 -100 783
W 6 -130 762 -130 553 -100 553
W 6 -130 532 -130 323 -100 323
W 6 -130 302 -130 93 -100 93
W 6 -106 992 -106 803 -97 803
W 6 -106 762 -106 573 -97 573
W 6 -106 532 -106 343 -97 343
W 6 -106 302 -106 113 -97 113
W 6 -75 840 -51 840 -51 813 25 813 25 808 337 808
W 6 337 578 347 578 347 553 382 553
W 6 -75 380 -51 380 -51 353 25 353 25 348 337 348
W 6 421 751 421 761 392 761 392 783 388 783
W 6 421 521 421 531 392 531 392 553 388 553
W 6 421 291 421 301 392 301 392 323 388 323
W 6 421 61 421 71 392 71 392 93 388 93
W 6 337 118 347 118 347 93 382 93
W 6 -75 -81 -106 -81 -106 -25
W 6 -106 -25 -106 73
W 6 -75 150 -51 150 -51 123 25 123 25 118 337 118
W 6 421 61 421 71 392 71 392 93 388 93
W 6 337 348 347 348 347 323 382 323
W 6 -75 610 -51 610 -51 583 25 583 25 578 337 578
W 6 337 808 347 808 347 783 382 783
W 6 -100 103 -118 103 -118 302
W 6 -100 333 -118 333 -118 532
W 6 -100 563 -118 563 -118 762
W 6 -100 793 -118 793 -118 992
W 6 -100 1023 -118 1023
W 6 -142 1003 -100 1003
; [strans] magnification(x 20) not supported
C 0 0 1 1 0 ALU1
C 0 230 1 1 0 ALU1
C 0 460 1 1 0 ALU1
C 0 690 1 1 0 ALU1
C 0 920 1 1 0 ALU1
C 450 280 1 1 0 VIA12
C 450 740 1 1 0 VIA12
C -164 6 1 1 0 VIA12
C -156 6 1 1 0 VIA12
C 486 -10 1 1 0 VIA12
C 486 -2 1 1 0 VIA12
C 486 6 1 1 0 VIA12
C 486 14 1 1 0 VIA12
C 494 -10 1 1 0 VIA12
C 494 -2 1 1 0 VIA12
C 494 6 1 1 0 VIA12
C 494 14 1 1 0 VIA12
C 486 680 1 1 0 VIA12
C 486 688 1 1 0 VIA12
C 486 696 1 1 0 VIA12
C 486 704 1 1 0 VIA12
C 494 680 1 1 0 VIA12
C 494 688 1 1 0 VIA12
C 494 696 1 1 0 VIA12
C 494 704 1 1 0 VIA12
C 486 220 1 1 0 VIA12
C 486 228 1 1 0 VIA12
C 486 236 1 1 0 VIA12
C 486 244 1 1 0 VIA12
C 494 220 1 1 0 VIA12
C 494 228 1 1 0 VIA12
C 494 236 1 1 0 VIA12
C 494 244 1 1 0 VIA12
C 486 450 1 1 0 VIA12
C 486 458 1 1 0 VIA12
C 486 466 1 1 0 VIA12
C 486 474 1 1 0 VIA12
C 494 450 1 1 0 VIA12
C 494 458 1 1 0 VIA12
C 494 466 1 1 0 VIA12
C 494 474 1 1 0 VIA12
C 516 802 1 1 0 VIA12
C 516 810 1 1 0 VIA12
C 516 818 1 1 0 VIA12
C 516 826 1 1 0 VIA12
C 524 802 1 1 0 VIA12
C 524 810 1 1 0 VIA12
C 524 818 1 1 0 VIA12
C 524 826 1 1 0 VIA12
C -195 816 1 1 0 VIA12
C -195 826 1 1 0 VIA12
C -185 816 1 1 0 VIA12
C -185 826 1 1 0 VIA12
C -195 356 1 1 0 VIA12
C -195 366 1 1 0 VIA12
C -185 356 1 1 0 VIA12
C -185 366 1 1 0 VIA12
C -195 586 1 1 0 VIA12
C -195 596 1 1 0 VIA12
C -185 586 1 1 0 VIA12
C -185 596 1 1 0 VIA12
C -74 1086 1 1 0 VIA12
C -74 1094 1 1 0 VIA12
C -66 1086 1 1 0 VIA12
C -66 1094 1 1 0 VIA12
C -58 1086 1 1 0 VIA12
C -58 1094 1 1 0 VIA12
C -50 1086 1 1 0 VIA12
C -50 1094 1 1 0 VIA12
C -42 1086 1 1 0 VIA12
C -42 1094 1 1 0 VIA12
C -34 1086 1 1 0 VIA12
C -34 1094 1 1 0 VIA12
C -26 1086 1 1 0 VIA12
C -26 1094 1 1 0 VIA12
C -18 1086 1 1 0 VIA12
C -18 1094 1 1 0 VIA12
C -10 1086 1 1 0 VIA12
C -10 1094 1 1 0 VIA12
C -2 1086 1 1 0 VIA12
C -2 1094 1 1 0 VIA12
C 6 1086 1 1 0 VIA12
C 6 1094 1 1 0 VIA12
C 14 1086 1 1 0 VIA12
C 14 1094 1 1 0 VIA12
C 22 1086 1 1 0 VIA12
C 22 1094 1 1 0 VIA12
C 30 1086 1 1 0 VIA12
C 30 1094 1 1 0 VIA12
C 38 1086 1 1 0 VIA12
C 38 1094 1 1 0 VIA12
C 46 1086 1 1 0 VIA12
C 46 1094 1 1 0 VIA12
C 54 1086 1 1 0 VIA12
C 54 1094 1 1 0 VIA12
C 62 1086 1 1 0 VIA12
C 62 1094 1 1 0 VIA12
C 70 1086 1 1 0 VIA12
C 70 1094 1 1 0 VIA12
C 78 1086 1 1 0 VIA12
C 78 1094 1 1 0 VIA12
C 86 1086 1 1 0 VIA12
C 86 1094 1 1 0 VIA12
C 94 1086 1 1 0 VIA12
C 94 1094 1 1 0 VIA12
C 102 1086 1 1 0 VIA12
C 102 1094 1 1 0 VIA12
C 110 1086 1 1 0 VIA12
C 110 1094 1 1 0 VIA12
C 118 1086 1 1 0 VIA12
C 118 1094 1 1 0 VIA12
C 126 1086 1 1 0 VIA12
C 126 1094 1 1 0 VIA12
C 134 1086 1 1 0 VIA12
C 134 1094 1 1 0 VIA12
C 142 1086 1 1 0 VIA12
C 142 1094 1 1 0 VIA12
C 150 1086 1 1 0 VIA12
C 150 1094 1 1 0 VIA12
C 158 1086 1 1 0 VIA12
C 158 1094 1 1 0 VIA12
C 166 1086 1 1 0 VIA12
C 166 1094 1 1 0 VIA12
C 174 1086 1 1 0 VIA12
C 174 1094 1 1 0 VIA12
C 182 1086 1 1 0 VIA12
C 182 1094 1 1 0 VIA12
C 190 1086 1 1 0 VIA12
C 190 1094 1 1 0 VIA12
C 198 1086 1 1 0 VIA12
C 198 1094 1 1 0 VIA12
C 206 1086 1 1 0 VIA12
C 206 1094 1 1 0 VIA12
C 214 1086 1 1 0 VIA12
C 214 1094 1 1 0 VIA12
C 222 1086 1 1 0 VIA12
C 222 1094 1 1 0 VIA12
C 230 1086 1 1 0 VIA12
C 230 1094 1 1 0 VIA12
C 238 1086 1 1 0 VIA12
C 238 1094 1 1 0 VIA12
C 246 1086 1 1 0 VIA12
C 246 1094 1 1 0 VIA12
C 254 1086 1 1 0 VIA12
C 254 1094 1 1 0 VIA12
C 262 1086 1 1 0 VIA12
C 262 1094 1 1 0 VIA12
C 270 1086 1 1 0 VIA12
C 270 1094 1 1 0 VIA12
C 278 1086 1 1 0 VIA12
C 278 1094 1 1 0 VIA12
C 286 1086 1 1 0 VIA12
C 286 1094 1 1 0 VIA12
C 294 1086 1 1 0 VIA12
C 294 1094 1 1 0 VIA12
C 302 1086 1 1 0 VIA12
C 302 1094 1 1 0 VIA12
C 310 1086 1 1 0 VIA12
C 310 1094 1 1 0 VIA12
C 318 1086 1 1 0 VIA12
C 318 1094 1 1 0 VIA12
C 326 1086 1 1 0 VIA12
C 326 1094 1 1 0 VIA12
C 334 1086 1 1 0 VIA12
C 334 1094 1 1 0 VIA12
C 342 1086 1 1 0 VIA12
C 342 1094 1 1 0 VIA12
C 350 1086 1 1 0 VIA12
C 350 1094 1 1 0 VIA12
C 358 1086 1 1 0 VIA12
C 358 1094 1 1 0 VIA12
C 366 1086 1 1 0 VIA12
C 366 1094 1 1 0 VIA12
C -118 1024 1 1 0 VIA12
C -130 1014 1 1 0 VIA12
C -118 794 1 1 0 VIA12
C -130 762 1 1 0 VIA12
C -118 532 1 1 0 VIA12
C -130 554 1 1 0 VIA12
C -130 324 1 1 0 VIA12
C -130 302 1 1 0 VIA12
C -106 992 1 1 0 VIA12
C -106 762 1 1 0 VIA12
C -106 532 1 1 0 VIA12
C -106 302 1 1 0 VIA12
C -106 72 1 1 0 VIA12
C -118 302 1 1 0 VIA12
C -118 334 1 1 0 VIA12
C -130 532 1 1 0 VIA12
C -118 564 1 1 0 VIA12
C -130 784 1 1 0 VIA12
C -118 762 1 1 0 VIA12
C -118 992 1 1 0 VIA12
C -130 992 1 1 0 VIA12
C -142 1003 1 1 0 VIA12
C -142 773 1 1 0 VIA12
C -142 543 1 1 0 VIA12
C -142 313 1 1 0 VIA12
C -142 83 1 1 0 VIA12
C -58 -154 1 1 0 VIA12
C -58 -146 1 1 0 VIA12
C -50 -154 1 1 0 VIA12
C -50 -146 1 1 0 VIA12
C -42 -154 1 1 0 VIA12
C -42 -146 1 1 0 VIA12
C -34 -154 1 1 0 VIA12
C -34 -146 1 1 0 VIA12
C -26 -154 1 1 0 VIA12
C -26 -146 1 1 0 VIA12
C -18 -154 1 1 0 VIA12
C -18 -146 1 1 0 VIA12
C -10 -154 1 1 0 VIA12
C -10 -146 1 1 0 VIA12
C -2 -154 1 1 0 VIA12
C -2 -146 1 1 0 VIA12
C 6 -154 1 1 0 VIA12
C 6 -146 1 1 0 VIA12
C 14 -154 1 1 0 VIA12
C 14 -146 1 1 0 VIA12
C 22 -154 1 1 0 VIA12
C 22 -146 1 1 0 VIA12
C 30 -154 1 1 0 VIA12
C 30 -146 1 1 0 VIA12
C 38 -154 1 1 0 VIA12
C 38 -146 1 1 0 VIA12
C 46 -154 1 1 0 VIA12
C 46 -146 1 1 0 VIA12
C 54 -154 1 1 0 VIA12
C 54 -146 1 1 0 VIA12
C 62 -154 1 1 0 VIA12
C 62 -146 1 1 0 VIA12
C 70 -154 1 1 0 VIA12
C 70 -146 1 1 0 VIA12
C 78 -154 1 1 0 VIA12
C 78 -146 1 1 0 VIA12
C 86 -154 1 1 0 VIA12
C 86 -146 1 1 0 VIA12
C 94 -154 1 1 0 VIA12
C 94 -146 1 1 0 VIA12
C 102 -154 1 1 0 VIA12
C 102 -146 1 1 0 VIA12
C 110 -154 1 1 0 VIA12
C 110 -146 1 1 0 VIA12
C 118 -154 1 1 0 VIA12
C 118 -146 1 1 0 VIA12
C 126 -154 1 1 0 VIA12
C 126 -146 1 1 0 VIA12
C 134 -154 1 1 0 VIA12
C 134 -146 1 1 0 VIA12
C 142 -154 1 1 0 VIA12
C 142 -146 1 1 0 VIA12
C 150 -154 1 1 0 VIA12
C 150 -146 1 1 0 VIA12
C 158 -154 1 1 0 VIA12
C 158 -146 1 1 0 VIA12
C 166 -154 1 1 0 VIA12
C 166 -146 1 1 0 VIA12
C 174 -154 1 1 0 VIA12
C 174 -146 1 1 0 VIA12
C 182 -154 1 1 0 VIA12
C 182 -146 1 1 0 VIA12
C 190 -154 1 1 0 VIA12
C 190 -146 1 1 0 VIA12
C 198 -154 1 1 0 VIA12
C 198 -146 1 1 0 VIA12
C 206 -154 1 1 0 VIA12
C 206 -146 1 1 0 VIA12
C 214 -154 1 1 0 VIA12
C 214 -146 1 1 0 VIA12
C 222 -154 1 1 0 VIA12
C 222 -146 1 1 0 VIA12
C 230 -154 1 1 0 VIA12
C 230 -146 1 1 0 VIA12
C 238 -154 1 1 0 VIA12
C 238 -146 1 1 0 VIA12
C 246 -154 1 1 0 VIA12
C 246 -146 1 1 0 VIA12
C 254 -154 1 1 0 VIA12
C 254 -146 1 1 0 VIA12
C 262 -154 1 1 0 VIA12
C 262 -146 1 1 0 VIA12
C 270 -154 1 1 0 VIA12
C 270 -146 1 1 0 VIA12
C 278 -154 1 1 0 VIA12
C 278 -146 1 1 0 VIA12
C 286 -154 1 1 0 VIA12
C 286 -146 1 1 0 VIA12
C 294 -154 1 1 0 VIA12
C 294 -146 1 1 0 VIA12
C 302 -154 1 1 0 VIA12
C 302 -146 1 1 0 VIA12
C 310 -154 1 1 0 VIA12
C 310 -146 1 1 0 VIA12
C 318 -154 1 1 0 VIA12
C 318 -146 1 1 0 VIA12
C 326 -154 1 1 0 VIA12
C 326 -146 1 1 0 VIA12
C 334 -154 1 1 0 VIA12
C 334 -146 1 1 0 VIA12
C 342 -154 1 1 0 VIA12
C 342 -146 1 1 0 VIA12
C 350 -154 1 1 0 VIA12
C 350 -146 1 1 0 VIA12
C 358 -154 1 1 0 VIA12
C 358 -146 1 1 0 VIA12
C 366 -154 1 1 0 VIA12
C 366 -146 1 1 0 VIA12
C 374 -154 1 1 0 VIA12
C 374 -146 1 1 0 VIA12
C 382 -154 1 1 0 VIA12
C 382 -146 1 1 0 VIA12
C 390 -154 1 1 0 VIA12
C 390 -146 1 1 0 VIA12
C 398 -154 1 1 0 VIA12
C 398 -146 1 1 0 VIA12
C 406 -154 1 1 0 VIA12
C 406 -146 1 1 0 VIA12
C 414 -154 1 1 0 VIA12
C 414 -146 1 1 0 VIA12
C 422 -154 1 1 0 VIA12
C 422 -146 1 1 0 VIA12
C 430 -154 1 1 0 VIA12
C 430 -146 1 1 0 VIA12
C 438 -154 1 1 0 VIA12
C 438 -146 1 1 0 VIA12
C 446 -154 1 1 0 VIA12
C 446 -146 1 1 0 VIA12
C 454 -154 1 1 0 VIA12
C 454 -146 1 1 0 VIA12
C 462 -154 1 1 0 VIA12
C 462 -146 1 1 0 VIA12
C -195 126 1 1 0 VIA12
C -195 136 1 1 0 VIA12
C -185 126 1 1 0 VIA12
C -185 136 1 1 0 VIA12
C 516 572 1 1 0 VIA12
C 516 580 1 1 0 VIA12
C 516 588 1 1 0 VIA12
C 516 596 1 1 0 VIA12
C 524 572 1 1 0 VIA12
C 524 580 1 1 0 VIA12
C 524 588 1 1 0 VIA12
C 524 596 1 1 0 VIA12
C 516 342 1 1 0 VIA12
C 516 350 1 1 0 VIA12
C 516 358 1 1 0 VIA12
C 516 366 1 1 0 VIA12
C 524 342 1 1 0 VIA12
C 524 350 1 1 0 VIA12
C 524 358 1 1 0 VIA12
C 524 366 1 1 0 VIA12
C 516 112 1 1 0 VIA12
C 516 120 1 1 0 VIA12
C 516 128 1 1 0 VIA12
C 516 136 1 1 0 VIA12
C 524 112 1 1 0 VIA12
C 524 120 1 1 0 VIA12
C 524 128 1 1 0 VIA12
C 524 136 1 1 0 VIA12
C 486 910 1 1 0 VIA12
C 486 918 1 1 0 VIA12
C 486 926 1 1 0 VIA12
C 486 934 1 1 0 VIA12
C 494 910 1 1 0 VIA12
C 494 918 1 1 0 VIA12
C 494 926 1 1 0 VIA12
C 494 934 1 1 0 VIA12
C -164 236 1 1 0 VIA12
C -156 236 1 1 0 VIA12
C -164 466 1 1 0 VIA12
C -156 466 1 1 0 VIA12
C -164 696 1 1 0 VIA12
C -156 696 1 1 0 VIA12
C -164 926 1 1 0 VIA12
C -156 926 1 1 0 VIA12
C 450 970 1 1 0 VIA12
C 450 510 1 1 0 VIA12
C 450 50 1 1 0 VIA12
