; structure creation     : 15/2/17 (9:30:33)
; structure modification : 18/2/17 (13:14:43)
; structure name : CPUTOP
L 12
; [strans] magnification(x 10) not supported
; [strans] magnification(x 10) not supported
; [strans] magnification(x 10) not supported
; [strans] magnification(x 10) not supported
; [strans] magnification(x 10) not supported
; [strans] magnification(x 10) not supported
; [strans] magnification(x 10) not supported
; [strans] magnification(x 10) not supported
; [strans] magnification(x 10) not supported
; [strans] magnification(x 10) not supported
; [strans] magnification(x 10) not supported
B 912 664 1050 684
B 912 434 1050 454
B 912 204 1050 224
B 912 -26 1050 -6
W 20 -201 1112 -201 1050 -465 1050
B 42 775 62 1088
B 24 550 250 562
B -445 551 -281 571
B 444 1200 588 1212
B 880 -148 1020 -128
B -933 669 -775 689
B -909 220 -775 240
B 482 1756 638 1776
B 466 1839 482 1859
B 1243 1117 1248 1123
B 1243 1243 1248 1249
B 1243 1403 1248 1409
B 1243 1538 1248 1544
B -860 1561 -852 1567
W 6 -833 1180 -957 1180
W 6 180 -272 180 -312
W 6 156 -272 156 -312
W 6 132 -272 132 -312
W 6 108 -272 108 -312
B 54 449 220 461
B -301 -70 -281 10
B -445 1070 -221 1092
B 444 1072 608 1092
B 444 1226 638 1238
B 414 1361 444 1373
B 880 -270 1020 -250
B 24 -40 44 40
B 24 -258 250 -238
B -475 -270 -353 -250
B -475 134 -251 154
B -445 694 -281 714
B -933 905 -775 925
B -945 1070 -805 1090
B -848 488 -835 494
B -872 724 -835 730
B -872 39 -835 45
B -884 179 -835 185
B -896 960 -835 966
B -884 1129 -258 1135
B -860 1153 -282 1159
B -896 1117 -246 1123
B -920 1213 -306 1219
B -312 1524 -282 1530
B -360 800 -239 806
B -360 1500 -270 1506
B -312 1025 -123 1031
B -288 1001 -123 1007
B -264 977 -123 983
W 6 -114 968 -249 968
W 6 -479 1601 -273 1601
W 6 47 1539 -279 1539
B -264 1165 -251 1171
B -155 1572 47 1578
B 412 1681 571 1687
B 47 1524 268 1530
B 58 1512 499 1518
B -218 1476 -137 1482
B -91 1500 487 1506
B -132 1476 -11 1482
B 219 1536 340 1542
B -17 1560 340 1566
B 104 1476 225 1482
B 329 1524 340 1530
B 565 1609 583 1615
B 553 1579 571 1585
B 565 1567 578 1573
B 529 1432 578 1438
B 553 1162 578 1168
B 505 965 511 1043
B 529 989 535 1043
B 553 1013 559 1043
B -117 965 -111 1062
B 279 970 285 1055
B 940 -93 989 -87
B 940 367 965 373
B -415 -72 -378 -66
B -415 164 -330 170
B -415 739 -366 745
B -415 975 -318 981
B -384 248 -311 254
B -408 108 -311 114
B -360 388 -311 394
B -336 528 -311 534
B 84 97 99 103
B 81 -159 190 -153
B 84 237 123 243
B 117 170 190 176
B 141 400 190 406
B 84 657 195 663
B 177 761 190 767
B 165 531 190 537
B 84 517 171 523
B 165 630 190 636
B 153 531 165 537
B 84 377 147 383
B 129 301 190 307
B 105 71 190 77
B 93 -60 190 -54
B -324 656 -311 662
B -348 516 -311 522
B -372 376 -311 382
B -420 96 -311 102
B -396 236 -311 242
B -415 849 -342 855
B -415 613 -390 619
B -415 290 -306 296
B -415 54 -354 60
B -415 -182 -402 -176
B 940 597 953 603
B 940 137 977 143
B 267 970 273 1067
B 307 970 313 1043
B 819 970 825 1031
B -21 977 -15 1062
B 119 989 125 1062
B 215 1001 221 1062
B 355 1013 361 1062
B 143 1025 149 1062
B 565 1396 578 1402
B 541 1001 547 1043
B 517 977 523 1043
B 541 1297 578 1303
B 517 1444 571 1450
B 505 1408 559 1414
B 367 1597 583 1603
W 6 343 1479 544 1479
W 6 343 1527 532 1527
W 6 343 1539 520 1539
W 6 343 1551 508 1551
W 6 343 1563 496 1563
B 230 1476 335 1482
B 93 1548 340 1554
B -6 1476 99 1482
B -76 1488 475 1494
B -143 1488 -76 1494
B 47 1572 464 1578
B 646 1816 652 1829
B 481 1621 559 1627
B 47 1584 487 1590
B 47 1536 166 1542
B -144 1484 -136 1487
B -252 1488 -149 1494
B -264 1500 -161 1506
B -167 1584 47 1590
B -282 1512 -246 1518
W 6 47 1527 -279 1527
B -276 989 -123 995
B -300 1013 -123 1019
B -693 1189 -258 1195
B -336 1512 -282 1518
W 6 -230 801 -230 815 -333 815
B -756 1225 -282 1231
B -732 1189 -693 1195
B -908 1189 -726 1195
B -836 1177 -306 1183
B -848 1165 -294 1171
B -872 1141 -270 1147
B -920 409 -750 415
W 6 -729 415 -729 424 -905 424
B -896 275 -835 281
B -884 864 -835 870
B -860 -57 -835 -51
B -860 628 -835 634
B -848 -197 -835 -191
B -849 -222 -775 -202
B -933 1040 -775 1060
B -945 787 -825 807
B 54 672 220 691
B -475 355 -455 435
B -271 -40 -251 40
B 1000 1006 1020 1086
B 444 1361 638 1373
B 414 1226 444 1238
B 414 1102 638 1122
B -6 -70 14 10
B 24 480 250 492
W 6 84 -272 84 -312
W 6 -905 1192 -957 1192
B -860 1439 -852 1445
B -860 1331 -852 1337
B -860 1669 -852 1675
B -860 1791 -852 1797
B 1243 1673 1248 1679
B 474 1756 482 1839
W 6 496 1855 496 1883
W 6 508 1855 508 1883
W 6 520 1855 520 1883
W 6 532 1855 532 1883
W 6 544 1855 544 1883
B -921 102 -825 122
B -909 -16 -775 4
B -921 -134 -825 -114
B -945 551 -825 571
B 880 82 1020 102
B 880 312 1020 332
B 880 542 1020 562
B 880 772 1020 792
B 444 1335 588 1347
B -475 415 -251 435
B 24 266 250 286
; [strans] magnification(x 10) not supported
; [strans] magnification(x 10) not supported
; [strans] magnification(x 10) not supported
; [strans] magnification(x 10) not supported
; [strans] magnification(x 10) not supported
; [strans] magnification(x 10) not supported
; [strans] magnification(x 10) not supported
; [strans] magnification(x 10) not supported
; [strans] magnification(x 10) not supported
; [strans] magnification(x 10) not supported
; [strans] magnification(x 10) not supported
L 14
; [strans] magnification(x 30) not supported
; [strans] magnification(x 30) not supported
B -6 -300 220 -280
B 493 1816 499 1858
W 20 -333 -290 -333 -60 4 -60 4 -290
B 1000 -270 1020 1026
B -373 -270 -353 -20
W 8 -829 1270 -829 1228 -929 1228 -929 400 -905 400 -905 -206 -833 -206
W 8 482 1867 685 1867 685 1806
B -872 39 -866 1147
B -884 179 -878 1135
B -836 15 -830 1183
B -312 1213 -306 1530
B -336 812 -330 1518
B -360 800 -354 1506
B -300 1013 -294 1171
B -276 989 -270 1147
B -252 965 -246 1123
B -129 1025 149 1031
B -129 1001 221 1007
B -129 977 -15 983
B -276 1500 -270 1604
B -482 1598 -476 1815
W 6 -152 1491 -152 1575
B 553 1823 652 1829
B 565 1811 676 1817
B 262 1524 268 1815
B 541 1476 547 1816
B 517 1536 523 1816
B 493 1560 499 1816
B 58 1512 64 1815
W 6 -89 1811 -89 1503
B 481 1086 487 1506
B 219 1476 225 1542
B -17 1476 -11 1566
B 329 1476 335 1530
B 577 1609 583 1708
B 565 1579 571 1615
B 553 1408 559 1585
B 565 1444 571 1573
B 529 1037 535 1438
B 553 1037 559 1168
W 6 310 1040 496 1040 496 1093
W 6 484 1083 484 1052 282 1052
B -252 1516 -246 1815
B 143 1025 307 1031
B 577 1025 825 1031
B 355 1013 743 1019
B 215 1001 929 1007
B 119 989 929 995
B -21 977 929 983
W 6 986 -90 986 1016 932 1016
W 6 974 140 974 1004 932 1004
W 6 962 370 962 992 932 992
W 6 950 600 950 980 932 980
B 929 965 941 971
B -312 290 -306 674
B -360 54 -354 394
B -408 -182 -402 114
B -396 236 -390 619
B -348 516 -342 855
B -420 96 -414 509
B 177 -275 183 767
B 129 -275 135 307
B 81 -275 87 -153
B 141 377 147 406
B 165 517 171 636
B 189 657 195 866
B 117 170 123 243
B 93 -60 99 103
B 105 -275 111 77
B 153 -275 159 537
B -324 656 -318 981
B -372 376 -366 745
B -384 -72 -378 254
B -336 164 -330 534
B 935 827 941 970
B 743 1013 929 1019
B -117 965 929 971
B 565 1025 571 1402
B 577 1025 583 1177
B 307 1025 571 1031
W 6 472 1095 472 1064 270 1064
B 541 1037 547 1303
W 6 520 1040 520 1447
B 505 1037 511 1414
B 577 1177 583 1603
B 93 1476 99 1554
B 469 1098 475 1494
B 493 1096 499 1518
W 6 -215 1811 -215 1488
B -143 1476 -137 1494
B -218 1476 -212 1485
B 505 1548 511 1816
B 529 1524 535 1816
B 412 1681 418 1815
B 160 1536 166 1815
B 565 1681 571 1816
B 458 1572 464 1815
W 6 556 1816 556 1623
B 553 1819 559 1823
B 481 1584 487 1627
B -144 1476 -136 1495
W 6 -249 1144 -249 1491
B -167 1500 -161 1590
B -264 1165 -258 1506
B -129 989 125 995
B -129 1013 361 1019
B -264 977 -258 1135
B -288 1001 -282 1159
B -312 1025 -306 1183
B -288 1225 -282 1542
B -756 1095 -750 1231
B -732 1095 -726 1195
B -920 409 -914 1219
B -908 421 -902 1195
B -896 275 -890 1123
B -860 -57 -854 1159
B -848 -197 -842 1171
W 8 -841 1269 -841 1240 -941 1240 -941 387 -917 387 -917 -231 -819 -231
W 20 -223 -30 34 -30 34 -248
B -373 -40 -233 -20
W 20 920 -290 1040 -290 1040 1046
B 505 1816 511 1858
B 517 1816 523 1858
B 529 1816 535 1858
B 541 1816 547 1858
B -445 -300 -323 -280
C 1040 674 1 1 0 VIA12L
C 1040 444 1 1 0 VIA12L
C 1040 214 1 1 0 VIA12L
C -465 1050 1 1 0 VIA12L
C 34 276 1 1 0 VIA12L
C 34 560 1 1 0 VIA12L
C -261 425 1 1 0 VIA12L
C -291 561 1 1 0 VIA12L
C 454 1337 1 1 0 VIA12L
C 454 1202 1 1 0 VIA12L
C 1040 -16 1 1 0 VIA12L
C 1010 782 1 1 0 VIA12L
C 1010 552 1 1 0 VIA12L
C 1010 322 1 1 0 VIA12L
C 1010 92 1 1 0 VIA12L
C 1010 -138 1 1 0 VIA12L
C -941 561 1 1 0 VIA12LS
C -929 679 1 1 0 VIA12LS
C -917 -124 1 1 0 VIA12LS
C 544 1855 1 1 0 VIA12
C 520 1855 1 1 0 VIA12
C 496 1855 1 1 0 VIA12
C 628 1766 1 1 0 VIA12L
C 4 -60 1 1 0 VIA12L
C -291 -60 1 1 0 VIA12L
C -231 1082 1 1 0 VIA12L
C 424 1112 1 1 0 VIA12L
C 598 1082 1 1 0 VIA12L
C 1010 1016 1 1 0 VIA12L
C 1010 -260 1 1 0 VIA12L
C 890 -260 1 1 0 VIA12L
C 34 30 1 1 0 VIA12L
C -261 30 1 1 0 VIA12L
C 240 -248 1 1 0 VIA12L
C -363 -260 1 1 0 VIA12L
C -465 365 1 1 0 VIA12L
C -261 144 1 1 0 VIA12L
C -291 704 1 1 0 VIA12L
C -941 797 1 1 0 VIA12LS
C -929 915 1 1 0 VIA12LS
C -941 1080 1 1 0 VIA12LS
C -815 1080 1 1 0 VIA12L
C -785 -212 1 1 0 VIA12L
C -857 631 1 1 0 VIA12
C -869 42 1 1 0 VIA12
C -881 867 1 1 0 VIA12
C -893 278 1 1 0 VIA12
C -833 703 1 1 0 VIA12
C -905 424 1 1 0 VIA12
C -917 412 1 1 0 VIA12
C -881 1132 1 1 0 VIA12
C -857 1156 1 1 0 VIA12
C -917 1216 1 1 0 VIA12
C -833 1180 1 1 0 VIA12
C -729 1192 1 1 0 VIA12
C -285 1228 1 1 0 VIA12
C -285 1539 1 1 0 VIA12
C -357 803 1 1 0 VIA12
C -261 1192 1 1 0 VIA12
C -297 1168 1 1 0 VIA12
C -273 1144 1 1 0 VIA12
C -249 1120 1 1 0 VIA12
C -126 1016 1 1 0 VIA12
C -126 992 1 1 0 VIA12
C -261 980 1 1 0 VIA12
C -285 1004 1 1 0 VIA12
C -309 1028 1 1 0 VIA12
C -479 1601 1 1 0 VIA12
C -273 1503 1 1 0 VIA12
C -261 1503 1 1 0 VIA12
C -164 1587 1 1 0 VIA12
C -261 1168 1 1 0 VIA12
C -249 1491 1 1 0 VIA12
C -249 1144 1 1 0 VIA12
C 484 1624 1 1 0 VIA12
C 556 1624 1 1 0 VIA12
C 461 1575 1 1 0 VIA12
C -89 1503 1 1 0 VIA12
C -140 1480 1 1 0 VIA12
C -140 1491 1 1 0 VIA12
C 472 1491 1 1 0 VIA12
C 496 1515 1 1 0 VIA12
C 544 1479 1 1 0 VIA12
C 508 1551 1 1 0 VIA12
C 532 1527 1 1 0 VIA12
C -14 1480 1 1 0 VIA12
C 96 1480 1 1 0 VIA12
C 332 1480 1 1 0 VIA12
C 370 1600 1 1 0 VIA12
C 580 1600 1 1 0 VIA12
C 580 1612 1 1 0 VIA12
C 568 1582 1 1 0 VIA12
C 556 1411 1 1 0 VIA12
C 544 1300 1 1 0 VIA12
C 544 1040 1 1 0 VIA12
C 520 1040 1 1 0 VIA12
C 508 968 1 1 0 VIA12
C 532 992 1 1 0 VIA12
C 556 1016 1 1 0 VIA12
C 568 1399 1 1 0 VIA12
C 358 1016 1 1 0 VIA12
C 122 992 1 1 0 VIA12
C -114 968 1 1 0 VIA12
C 938 830 1 1 0 VIA12
C 310 1040 1 1 0 VIA12
C 270 1064 1 1 0 VIA12
C -333 167 1 1 0 VIA12
C -381 -69 1 1 0 VIA12
C -393 616 1 1 0 VIA12
C -345 852 1 1 0 VIA12
C -417 99 1 1 0 VIA12
C -393 239 1 1 0 VIA12
C -309 671 1 1 0 VIA12
C -295 623 1 1 0 VIA12
C -265 483 1 1 0 VIA12
C -295 343 1 1 0 VIA12
C -265 203 1 1 0 VIA12
C -295 63 1 1 0 VIA12
C 84 -272 1 1 0 VIA12
C 132 -272 1 1 0 VIA12
C 180 -272 1 1 0 VIA12
C 84 -156 1 1 0 VIA12
C 120 240 1 1 0 VIA12
C 108 74 1 1 0 VIA12
C 120 173 1 1 0 VIA12
C 132 304 1 1 0 VIA12
C 168 520 1 1 0 VIA12
C 192 660 1 1 0 VIA12
C 180 764 1 1 0 VIA12
C 400 -140 1 1 0 ALU5
C 713 1091 1 1 0 PC5
C -817 1851 1 1 4 DECO
C -645 440 1 1 0 REG5
C -645 -245 1 1 0 REG5
C -201 60 1 1 0 SEL5
C 409 1252 1 1 1 REG5
C 192 863 1 1 0 VIA12
C 168 633 1 1 0 VIA12
C 156 534 1 1 0 VIA12
C 144 403 1 1 0 VIA12
C 144 380 1 1 0 VIA12
C 96 -57 1 1 0 VIA12
C 96 100 1 1 0 VIA12
C 156 -272 1 1 0 VIA12
C 108 -272 1 1 0 VIA12
C -287 63 1 1 0 VIA12
C -257 203 1 1 0 VIA12
C -287 343 1 1 0 VIA12
C -257 483 1 1 0 VIA12
C -287 623 1 1 0 VIA12
C -321 659 1 1 0 VIA12
C -333 531 1 1 0 VIA12
C -345 519 1 1 0 VIA12
C -357 391 1 1 0 VIA12
C -369 379 1 1 0 VIA12
C -381 251 1 1 0 VIA12
C -405 111 1 1 0 VIA12
C -321 978 1 1 0 VIA12
C -369 742 1 1 0 VIA12
C -417 506 1 1 0 VIA12
C -405 -179 1 1 0 VIA12
C -357 57 1 1 0 VIA12
C -309 293 1 1 0 VIA12
C 282 1052 1 1 0 VIA12
C 822 1028 1 1 0 VIA12
C 950 600 1 1 0 VIA12
C 962 370 1 1 0 VIA12
C 974 140 1 1 0 VIA12
C 986 -90 1 1 0 VIA12
C -18 980 1 1 0 VIA12
C 218 1004 1 1 0 VIA12
C 146 1028 1 1 0 VIA12
C 544 1004 1 1 0 VIA12
C 520 980 1 1 0 VIA12
C 508 1040 1 1 0 VIA12
C 532 1040 1 1 0 VIA12
C 556 1040 1 1 0 VIA12
C 556 1165 1 1 0 VIA12
C 532 1435 1 1 0 VIA12
C 568 1447 1 1 0 VIA12
C 520 1447 1 1 0 VIA12
C 568 1570 1 1 0 VIA12
C 508 1411 1 1 0 VIA12
C 556 1582 1 1 0 VIA12
C 568 1612 1 1 0 VIA12
C 580 1705 1 1 0 VIA12
C 332 1527 1 1 0 VIA12
C 222 1480 1 1 0 VIA12
C 222 1539 1 1 0 VIA12
C 96 1551 1 1 0 VIA12
C -14 1563 1 1 0 VIA12
C 520 1539 1 1 0 VIA12
C 496 1563 1 1 0 VIA12
C 484 1503 1 1 0 VIA12
C -215 1480 1 1 0 VIA12
C 61 1515 1 1 0 VIA12
C 415 1684 1 1 0 VIA12
C 265 1527 1 1 0 VIA12
C 163 1539 1 1 0 VIA12
C 568 1684 1 1 0 VIA12
C 673 1814 1 1 0 VIA12
C 649 1826 1 1 0 VIA12
C 484 1587 1 1 0 VIA12
C -152 1491 1 1 0 VIA12
C -152 1575 1 1 0 VIA12
C -164 1503 1 1 0 VIA12
C -249 1515 1 1 0 VIA12
C -273 1601 1 1 0 VIA12
C -297 1016 1 1 0 VIA12
C -273 992 1 1 0 VIA12
C -249 968 1 1 0 VIA12
C -126 980 1 1 0 VIA12
C -126 1004 1 1 0 VIA12
C -126 1028 1 1 0 VIA12
C -261 1132 1 1 0 VIA12
C -285 1156 1 1 0 VIA12
C -309 1180 1 1 0 VIA12
C -333 1515 1 1 0 VIA12
C -357 1503 1 1 0 VIA12
C -333 815 1 1 0 VIA12
C -309 1216 1 1 0 VIA12
C -309 1527 1 1 0 VIA12
C -753 1228 1 1 0 VIA12
C -753 1098 1 1 0 VIA12
C -729 1098 1 1 0 VIA12
C -893 1120 1 1 0 VIA12
C -905 1192 1 1 0 VIA12
C -845 1168 1 1 0 VIA12
C -869 1144 1 1 0 VIA12
C -833 18 1 1 0 VIA12
C -893 963 1 1 0 VIA12
C -881 182 1 1 0 VIA12
C -869 727 1 1 0 VIA12
C -857 -54 1 1 0 VIA12
C -845 -194 1 1 0 VIA12
C -845 491 1 1 0 VIA12
C -839 -212 1 1 0 VIA12L
C -785 1050 1 1 0 VIA12L
C -929 1050 1 1 0 VIA12LS
C -435 704 1 1 0 VIA12L
C 64 681 1 1 0 VIA12L
C -465 144 1 1 0 VIA12L
C -465 425 1 1 0 VIA12L
C -465 -260 1 1 0 VIA12L
C 34 -248 1 1 0 VIA12L
C -261 -30 1 1 0 VIA12L
C 34 -30 1 1 0 VIA12L
C 1010 1076 1 1 0 VIA12L
C 454 1082 1 1 0 VIA12L
C 628 1112 1 1 0 VIA12L
C -435 1080 1 1 0 VIA12L
C -291 0 1 1 0 VIA12L
C 4 0 1 1 0 VIA12L
C 240 486 1 1 0 VIA12L
C 508 1855 1 1 0 VIA12
C 532 1855 1 1 0 VIA12
C -917 112 1 1 0 VIA12LS
C -905 230 1 1 0 VIA12LS
C -905 -6 1 1 0 VIA12LS
C 240 276 1 1 0 VIA12L
C 52 785 1 1 0 VIA12L
C -201 1112 1 1 0 VIA12L
