; structure creation     : 65407/1012/36894 (0:20696:13825)
; structure modification : 65407/1012/36894 (0:20696:13825)
; structure name : an12_x1
L 1
B -3 63 66 133
L 2
B -3 -3 66 53
L 8
B 4 6 16 34
B 34 6 46 34
B 4 16 61 34
B 49 104 61 124
L 9
B 4 66 61 97
B 13 66 46 122
B 4 66 46 109
L 4
B 22 22 28 28
B 7 10 13 16
B 37 10 43 16
B 37 10 43 16
B 52 72 58 78
B 37 110 43 116
B 7 72 13 78
B 7 85 13 91
B 7 97 13 103
B 52 115 58 121
B 52 85 58 91
B 52 22 58 28
B 21 18 29 32
B 10 18 26 32
B 6 8 14 32
B 36 8 44 32
B 25 18 41 32
B 40 18 56 32
B 15 68 31 120
B 36 68 44 120
B 25 68 41 120
B 11 68 19 107
B 40 68 56 95
B 6 68 14 107
B 51 18 59 32
B 51 68 59 95
B 51 106 59 122
B 51 106 59 122
B 51 68 59 95
B 51 18 59 32
B 6 68 14 107
B 40 68 56 95
B 11 68 19 107
B 25 68 41 120
B 36 68 44 120
B 15 68 31 120
B 40 18 56 32
B 25 18 41 32
B 36 8 44 32
B 6 8 14 32
B 10 18 26 32
B 21 18 29 32
L 7
B 22 49 29 56
B 52 47 59 54
B 39 34 46 41
B 39 59 46 66
B 32 34 34 51
B 17 15 19 35
B 32 15 34 35
B 47 15 49 35
B 22 65 24 123
B 32 65 34 123
B 47 65 49 98
B 32 50 34 66
B 32 49 56 51
B 47 34 49 41
B 47 59 49 66
B 17 34 19 51
B 17 49 24 51
B 22 49 24 66
B 42 59 49 66
B 42 34 49 41
B 42 34 49 41
B 42 59 49 66
B 22 49 24 66
B 17 49 24 51
B 17 34 19 51
B 47 59 49 66
B 47 34 49 41
B 32 49 56 51
B 32 50 34 66
B 47 65 49 98
B 32 65 34 123
B 22 65 24 123
B 47 15 49 35
B 32 15 34 35
B 17 15 19 35
B 32 34 34 51
L 6
B 50 70 60 80
B 35 108 45 118
B 5 70 15 80
B 5 83 15 93
B 5 95 15 105
B 50 83 60 93
B 13 66 33 122
B 34 66 46 122
B 23 66 43 122
B 9 66 21 109
B 38 66 58 97
B 4 66 16 109
B 49 66 61 97
B 49 66 61 97
B 4 66 16 109
B 38 66 58 97
B 9 66 21 109
B 23 66 43 122
B 34 66 46 122
B 13 66 33 122
L 5
B 20 20 30 30
B 5 8 15 18
B 35 8 45 18
B 35 8 45 18
B 50 20 60 30
B 19 16 31 34
B 8 16 28 34
B 4 6 16 34
B 34 6 46 34
B 23 16 43 34
B 38 16 58 34
B 49 16 61 34
B 49 16 61 34
B 38 16 58 34
B 23 16 43 34
B 34 6 46 34
B 4 6 16 34
B 8 16 28 34
B 19 16 31 34
L 3
B -1 65 64 131
B -1 -1 64 51
B -1 -1 64 51
B -1 65 64 131
L 10
B 24 24 26 26
B 9 12 11 14
B 39 12 41 14
B 39 12 41 14
B 54 74 56 76
B 39 112 41 114
B 9 74 11 76
B 9 87 11 89
B 9 99 11 101
B 54 117 56 119
B 54 87 56 89
B 54 24 56 26
L 12
B 22 50 28 56
B 22 22 28 28
B 7 10 13 16
B 37 10 43 16
B 37 10 43 16
B 52 72 58 78
B 37 110 43 116
B 7 72 13 78
B 7 85 13 91
B 7 97 13 103
B 52 115 58 121
B 52 85 58 91
B 52 22 58 28
B 52 47 58 53
B 40 35 46 41
B 40 60 46 66
L 60
B 10 22 16 103
L 12
B 10 35 16 66
B 10 22 28 28
B 10 60 16 103
L 60
B 22 35 28 103
B 35 22 41 103
B -3 110 66 126
B -3 -1 66 16
L 12
B 22 35 28 103
B 35 22 41 103
B 52 22 58 91
B 35 60 46 66
B 35 35 46 41
B 10 22 16 41
B 10 22 16 41
B 35 35 46 41
B 35 60 46 66
B 52 22 58 91
B 35 22 41 103
B 22 35 28 103
B -3 -1 66 16
B -3 110 66 126
B 35 22 41 103
B 22 35 28 103
B 10 60 16 103
B 10 22 28 28
B 10 35 16 66
B 10 22 16 103
L 11
B 24 52 26 54
B 54 49 56 51
B 42 37 44 39
B 42 62 44 64
L 31
B 37 49 39 51
L 60
L 31
B 37 37 39 39
L 60
L 31
B 24 49 26 51
L 60
L 31
B 12 37 14 39
L 60
L 31
B 12 62 14 64
L 60
L 31
B 12 74 14 76
L 60
L 31
B 37 99 39 101
L 60
L 31
B 37 87 39 89
L 60
L 31
B 37 74 39 76
L 60
L 31
B 12 87 14 89
L 60
L 31
B 12 99 14 101
L 60
L 31
B 24 74 26 76
L 60
L 31
B 24 87 26 89
L 60
L 31
B 24 99 26 101
L 60
L 31
B 12 24 14 26
L 60
L 31
B 24 37 26 39
L 60
L 31
B 24 62 26 64
L 60
L 31
B 37 24 39 26
L 60
L 31
B 37 62 39 64
L 60
