; structure creation     : 65407/1012/36894 (0:20696:13825)
; structure modification : 65407/1012/36894 (0:20696:13825)
; structure name : no2_x1
L 1
B -3 63 53 133
L 2
B -3 -3 53 53
L 8
B 4 6 16 34
B 4 16 46 34
B 34 6 46 34
L 9
B 4 66 48 109
B 15 66 48 122
L 4
B 37 10 43 16
B 7 10 13 16
B 37 10 43 16
B 22 22 28 28
B 40 110 46 116
B 10 72 16 78
B 10 85 16 91
B 10 97 16 103
B 6 68 14 107
B 10 18 26 32
B 21 18 29 32
B 25 18 41 32
B 36 8 44 32
B 6 8 14 32
B 39 68 46 120
B 27 68 43 120
B 14 68 21 107
B 17 68 33 120
B 17 68 33 120
B 14 68 21 107
B 27 68 43 120
B 39 68 46 120
B 6 8 14 32
B 36 8 44 32
B 25 18 41 32
B 21 18 29 32
B 10 18 26 32
B 6 68 14 107
L 7
B 22 59 29 66
B 34 34 41 41
B 34 59 41 66
B 32 34 39 41
B 17 15 19 35
B 32 15 34 35
B 17 34 19 61
B 17 59 26 61
B 34 65 36 123
B 24 65 26 123
B 32 34 34 41
B 32 34 34 41
B 24 65 26 123
B 34 65 36 123
B 17 59 26 61
B 17 34 19 61
B 32 15 34 35
B 17 15 19 35
B 32 34 39 41
L 6
B 38 108 48 118
B 8 70 18 80
B 8 83 18 93
B 8 95 18 105
B 4 66 16 109
B 37 66 48 122
B 25 66 45 122
B 12 66 23 109
B 15 66 35 122
B 15 66 35 122
B 12 66 23 109
B 25 66 45 122
B 37 66 48 122
B 4 66 16 109
L 5
B 35 8 45 18
B 5 8 15 18
B 35 8 45 18
B 20 20 30 30
B 8 16 28 34
B 19 16 31 34
B 23 16 43 34
B 34 6 46 34
B 4 6 16 34
B 4 6 16 34
B 34 6 46 34
B 23 16 43 34
B 19 16 31 34
B 8 16 28 34
L 3
B -1 65 51 131
B -1 -1 51 51
B -1 -1 51 51
B -1 65 51 131
L 10
B 39 12 41 14
B 9 12 11 14
B 39 12 41 14
B 24 24 26 26
B 42 112 44 114
B 12 74 14 76
B 12 87 14 89
B 12 99 14 101
L 12
B 22 60 28 66
B 37 10 43 16
B 7 10 13 16
B 37 10 43 16
B 22 22 28 28
B 40 110 46 116
B 10 72 16 78
B 10 85 16 91
B 10 97 16 103
B 35 35 41 41
B 35 60 41 66
L 60
B -3 -1 53 16
L 12
B 36 22 39 103
L 60
B -3 110 53 126
L 12
B 23 35 27 103
L 60
B 35 22 41 103
B 10 22 16 103
B 22 35 28 103
L 12
B 10 22 16 103
B 10 22 28 28
B 10 22 28 28
B 10 22 16 103
B 22 35 28 103
B 10 22 16 103
B 35 22 41 103
B 23 35 27 103
B -3 110 53 126
B 36 22 39 103
B -3 -1 53 16
L 11
B 24 62 26 64
B 37 37 39 39
B 37 62 39 64
L 31
B 37 24 39 26
L 60
L 31
B 12 24 14 26
L 60
L 31
B 12 99 14 101
L 60
L 31
B 12 87 14 89
L 60
L 31
B 12 74 14 76
L 60
L 31
B 12 62 14 64
L 60
L 31
B 12 49 14 51
L 60
L 31
B 12 37 14 39
L 60
L 31
B 24 99 26 101
L 60
L 31
B 24 87 26 89
L 60
L 31
B 24 74 26 76
L 60
L 31
B 24 37 26 39
L 60
L 31
B 37 37 39 39
L 60
L 31
B 37 74 39 76
L 60
L 31
B 37 87 39 89
L 60
L 31
B 37 99 39 101
L 60
L 31
B 24 49 26 51
L 60
L 31
B 24 62 26 64
L 60
L 31
B 37 49 39 51
L 60
L 31
B 37 62 39 64
L 60
