; structure creation     : 65407/1012/36894 (0:20696:13825)
; structure modification : 65407/1012/36894 (0:20696:13825)
; structure name : o2_x2
L 1
B -3 63 66 133
L 2
B -3 -3 66 53
L 8
B 2 6 13 34
B 2 112 29 123
B 32 4 58 34
B 2 16 58 34
L 9
B 2 66 58 109
B 32 66 58 122
L 4
B 50 97 56 103
B 50 85 56 91
B 50 72 56 78
B 5 115 11 121
B 35 110 41 116
B 35 10 41 16
B 20 22 26 28
B 35 10 41 16
B 5 10 11 16
B 50 22 56 28
B 5 97 11 103
B 20 115 26 121
B 34 68 41 120
B 9 68 16 107
B 4 68 11 107
B 49 68 56 120
B 37 68 53 120
B 22 68 38 107
B 12 68 28 107
B 7 18 23 32
B 19 18 26 32
B 22 18 38 32
B 4 8 11 32
B 34 6 41 32
B 37 6 53 32
B 49 6 56 32
B 4 114 27 121
B 4 114 27 121
B 49 6 56 32
B 37 6 53 32
B 34 6 41 32
B 4 8 11 32
B 22 18 38 32
B 19 18 26 32
B 7 18 23 32
B 12 68 28 107
B 22 68 38 107
B 37 68 53 120
B 49 68 56 120
B 4 68 11 107
B 9 68 16 107
B 34 68 41 120
L 7
B 34 34 41 41
B 34 59 41 66
B 9 47 16 54
B 22 47 29 54
B 44 34 46 66
B 24 49 46 51
B 14 64 21 66
B 14 34 16 66
B 29 59 39 66
B 29 34 39 41
B 44 65 46 123
B 29 65 31 110
B 19 65 21 110
B 14 15 16 35
B 29 15 31 35
B 44 3 46 35
B 44 3 46 35
B 29 15 31 35
B 14 15 16 35
B 19 65 21 110
B 29 65 31 110
B 44 65 46 123
B 29 34 39 41
B 29 59 39 66
B 14 34 16 66
B 14 64 21 66
B 24 49 46 51
B 44 34 46 66
L 6
B 48 95 58 105
B 48 83 58 93
B 48 70 58 80
B 33 108 43 118
B 3 95 13 105
B 32 66 43 122
B 7 66 18 109
B 2 66 13 109
B 47 66 58 122
B 35 66 55 122
B 20 66 40 109
B 10 66 30 109
B 10 66 30 109
B 20 66 40 109
B 35 66 55 122
B 47 66 58 122
B 2 66 13 109
B 7 66 18 109
B 32 66 43 122
L 5
B 33 8 43 18
B 18 20 28 30
B 33 8 43 18
B 3 8 13 18
B 48 20 58 30
B 5 16 25 34
B 17 16 28 34
B 20 16 40 34
B 2 6 13 34
B 32 4 43 34
B 35 4 55 34
B 47 4 58 34
B 47 4 58 34
B 35 4 55 34
B 32 4 43 34
B 2 6 13 34
B 20 16 40 34
B 17 16 28 34
B 5 16 25 34
L 3
B -1 -1 64 51
B -1 65 64 131
B -1 65 64 131
B -1 -1 64 51
L 10
B 52 99 54 101
B 52 87 54 89
B 52 74 54 76
B 7 117 9 119
B 37 112 39 114
B 37 12 39 14
B 22 24 24 26
B 37 12 39 14
B 7 12 9 14
B 52 24 54 26
B 7 99 9 101
B 22 117 24 119
L 12
B 35 35 41 41
B 35 60 41 66
B 50 97 56 103
B 50 85 56 91
B 50 72 56 78
B 10 47 16 53
B 22 47 28 53
B 5 115 11 121
B 35 110 41 116
B 35 10 41 16
B 20 22 26 28
B 35 10 41 16
B 5 10 11 16
B 50 22 56 28
B 5 97 11 103
B 20 115 26 121
B 22 22 28 103
L 60
B 47 25 53 103
L 12
B 47 22 53 103
L 60
B 35 22 41 103
B 10 35 16 91
L 12
B 10 35 16 91
L 60
B -3 -1 66 16
B -3 110 66 126
L 12
B 35 22 41 103
B 5 97 26 103
B 5 97 26 103
B 35 22 41 103
B -3 110 66 126
B -3 -1 66 16
B 10 35 16 91
B 10 35 16 91
B 35 22 41 103
B 47 22 53 103
B 47 25 53 103
B 22 22 28 103
L 11
B 37 37 39 39
B 37 62 39 64
B 12 49 14 51
B 24 49 26 51
L 31
B 37 74 39 76
L 60
L 31
B 12 74 14 76
L 60
L 31
B 49 24 51 26
L 60
L 31
B 49 99 51 101
L 60
L 31
B 49 87 51 89
L 60
L 31
B 49 74 51 76
L 60
L 31
B 49 62 51 64
L 60
L 31
B 49 49 51 51
L 60
L 31
B 49 37 51 39
L 60
L 31
B 37 49 39 51
L 60
L 31
B 37 37 39 39
L 60
L 31
B 37 99 39 101
L 60
L 31
B 37 87 39 89
L 60
L 31
B 37 24 39 26
L 60
L 31
B 12 49 14 51
L 60
L 31
B 12 37 14 39
L 60
L 31
B 12 87 14 89
L 60
