; structure creation     : 15/2/17 (14:26:4)
; structure modification : 16/2/17 (19:55:45)
; structure name : and2
L 1
B 31 69 64 120
B -8 69 37 120
L 2
B -8 1 37 42
B 31 1 64 42
L 3
B -6 3 35 40
B 33 3 62 40
B 33 71 62 118
B -6 71 35 118
L 4
B 36 26 54 32
B 36 6 54 12
B 36 75 54 93
B 2 75 32 93
B 2 26 32 32
B 2 6 32 12
B 36 109 54 115
B 2 109 32 115
L 7
B 38 48 44 54
B 16 48 22 54
B 4 48 10 54
B 10 23 12 96
B 22 23 24 96
B 44 23 46 96
L 8
B 34 24 56 34
B 0 24 34 34
B 34 107 56 117
B 0 107 34 117
L 9
B 34 4 56 14
B 34 73 56 95
B 0 73 34 95
B 0 4 34 14
L 10
B 50 28 52 30
B 38 28 40 30
B 46 8 48 10
B 42 8 44 10
B 50 8 52 10
B 38 8 40 10
B 50 85 52 87
B 50 89 52 91
B 38 85 40 87
B 38 89 40 91
B 50 77 52 79
B 50 81 52 83
B 38 77 40 79
B 38 81 40 83
B 28 8 30 10
B 20 8 22 10
B 24 8 26 10
B 16 81 18 83
B 16 77 18 79
B 16 89 18 91
B 16 85 18 87
B 28 81 30 83
B 28 77 30 79
B 28 89 30 91
B 28 85 30 87
B 28 28 30 30
B 4 81 6 83
B 4 77 6 79
B 4 89 6 91
B 4 85 6 87
B 4 8 6 10
B 16 8 18 10
B 8 8 10 10
B 12 8 14 10
B 4 28 6 30
B 46 111 48 113
B 42 111 44 113
B 50 111 52 113
B 38 111 40 113
B 28 111 30 113
B 20 111 22 113
B 24 111 26 113
B 4 111 6 113
B 16 111 18 113
B 8 111 10 113
B 12 111 14 113
L 11
B 40 50 42 52
B 18 50 20 52
B 6 50 8 52
L 12
; [strans] magnification(x 4) not supported
; [strans] magnification(x 4) not supported
; [strans] magnification(x 4) not supported
; [strans] magnification(x 4) not supported
; [strans] magnification(x 4) not supported
; [strans] magnification(x 4) not supported
B 32 48 38 54
B 34 0 56 12
B 48 26 54 93
B 36 12 42 32
B 38 48 44 54
B 48 36 56 44
B 14 71 20 93
B 26 26 32 71
B 0 0 34 12
B 2 12 8 32
B 14 53 22 61
B 2 53 10 61
B 14 65 26 71
B 16 48 22 54
B 4 48 10 54
B 34 109 56 121
B 36 75 42 109
B 26 75 32 109
B 0 109 34 121
B 2 75 8 109
L 13
B 50 38 54 42
B 16 55 20 59
B 4 55 8 59
L 14
B 48 36 56 44
B 14 53 22 61
B 2 53 10 61
