; structure creation     : 15/2/17 (4:19:5)
; structure modification : 16/2/17 (19:55:45)
; structure name : dff_r
L 1
B -8 70 168 120
L 2
B -8 1 168 48
L 3
B -6 3 166 46
B -6 72 166 118
L 4
B 2 6 158 12
B 2 109 158 115
B 2 27 88 33
B 92 27 158 33
B 2 76 88 94
B 92 76 158 94
L 7
B 55 66 57 72
B 57 66 63 72
B 46 73 48 102
B 32 60 34 105
B 27 66 33 72
B 32 105 128 107
B 15 37 21 43
B 21 37 22 43
B 46 19 48 49
B 128 73 130 107
B 106 96 108 102
B 48 100 106 102
B 30 14 32 21
B 106 19 108 25
B 48 19 106 21
B 126 14 128 25
B 32 14 126 16
B 7 19 30 21
B 1 17 7 23
B 10 24 12 97
B 22 24 24 97
B 100 24 102 97
B 78 24 80 97
B 66 24 68 97
B 54 24 56 97
B 136 24 138 97
B 148 24 150 97
B 30 21 32 36
B 106 25 108 37
B 106 37 112 43
B 142 37 148 43
B 106 66 112 72
B 94 48 100 54
B 138 48 144 54
B 106 72 108 96
B 112 60 114 72
B 126 25 128 49
B 112 49 128 60
B 12 66 18 72
B 60 48 66 54
B 32 49 48 60
B 72 48 78 54
L 8
B 0 106 160 117
B 0 25 160 35
L 9
B 0 4 160 15
B 0 74 160 96
L 10
B 40 8 42 10
B 44 8 46 10
B 48 8 50 10
B 52 8 54 10
B 56 8 58 10
B 60 8 62 10
B 64 8 66 10
B 36 8 38 10
B 32 8 34 10
B 28 8 30 10
B 24 8 26 10
B 20 8 22 10
B 16 8 18 10
B 12 8 14 10
B 8 8 10 10
B 4 8 6 10
B 124 8 126 10
B 120 8 122 10
B 116 8 118 10
B 112 8 114 10
B 108 8 110 10
B 104 8 106 10
B 100 8 102 10
B 96 8 98 10
B 39 29 41 31
B 39 78 41 80
B 39 82 41 84
B 39 86 41 88
B 39 90 41 92
B 118 29 120 31
B 94 29 96 31
B 84 29 86 31
B 84 78 86 80
B 94 78 96 80
B 118 78 120 80
B 84 82 86 84
B 84 86 86 88
B 84 90 86 92
B 94 82 96 84
B 118 82 120 84
B 94 86 96 88
B 118 86 120 88
B 94 90 96 92
B 118 90 120 92
B 60 29 62 31
B 4 29 6 31
B 16 29 18 31
B 4 78 6 80
B 16 78 18 80
B 60 78 62 80
B 4 82 6 84
B 16 82 18 84
B 60 82 62 84
B 4 86 6 88
B 16 86 18 88
B 60 86 62 88
B 4 90 6 92
B 16 90 18 92
B 60 90 62 92
B 72 29 74 31
B 80 111 82 113
B 76 111 78 113
B 72 111 74 113
B 68 111 70 113
B 64 111 66 113
B 60 111 62 113
B 56 111 58 113
B 52 111 54 113
B 48 111 50 113
B 44 111 46 113
B 40 111 42 113
B 36 111 38 113
B 32 111 34 113
B 28 111 30 113
B 24 111 26 113
B 20 111 22 113
B 16 111 18 113
B 12 111 14 113
B 8 111 10 113
B 4 111 6 113
B 124 111 126 113
B 120 111 122 113
B 116 111 118 113
B 112 111 114 113
B 108 111 110 113
B 104 111 106 113
B 100 111 102 113
B 96 111 98 113
B 92 111 94 113
B 88 111 90 113
B 84 111 86 113
B 80 8 82 10
B 72 8 74 10
B 76 8 78 10
B 68 8 70 10
B 84 8 86 10
B 88 8 90 10
B 92 8 94 10
B 136 8 138 10
B 132 8 134 10
B 128 8 130 10
B 152 8 154 10
B 148 8 150 10
B 144 8 146 10
B 140 8 142 10
B 152 111 154 113
B 148 111 150 113
B 144 111 146 113
B 140 111 142 113
B 136 111 138 113
B 132 111 134 113
B 128 111 130 113
B 154 29 156 31
B 142 29 144 31
B 142 78 144 80
B 154 78 156 80
B 142 82 144 84
B 154 82 156 84
B 142 86 144 88
B 154 86 156 88
B 142 90 144 92
B 154 90 156 92
L 11
B 59 68 61 70
B 29 68 31 70
B 17 39 19 41
B 3 19 5 21
B 108 39 110 41
B 144 39 146 41
B 108 68 110 70
B 96 50 98 52
B 140 50 142 52
B 74 50 76 52
B 14 68 16 70
B 62 50 64 52
L 12
; [strans] magnification(x 4) not supported
; [strans] magnification(x 4) not supported
; [strans] magnification(x 4) not supported
; [strans] magnification(x 4) not supported
; [strans] magnification(x 4) not supported
; [strans] magnification(x 4) not supported
; [strans] magnification(x 4) not supported
B 92 6 98 33
B 140 6 146 33
B 0 0 160 12
B 14 12 20 33
B 58 6 64 33
B 82 6 88 33
B 92 76 98 115
B 140 76 146 115
B 0 109 160 121
B 14 76 20 115
B 58 76 64 115
B 63 66 82 72
B 57 66 63 72
B 27 66 33 72
B 18 66 27 72
B 37 27 43 94
B 15 37 21 43
B 15 43 21 48
B 15 48 32 54
B 2 17 8 27
B 1 17 7 23
B 106 37 112 43
B 142 37 148 43
B 122 37 142 43
B 150 62 158 70
B 106 66 112 72
B 94 48 100 54
B 88 48 94 54
B 138 48 144 54
B 144 48 152 54
B 116 62 124 70
B 116 27 122 94
B 152 27 158 94
B 2 27 8 33
B 14 76 20 82
B 12 58 20 66
B 12 66 18 72
B 60 48 66 54
B 42 48 60 54
B 24 54 32 62
B 2 33 8 94
B 82 72 88 94
B 70 54 78 62
B 72 48 78 54
B 82 37 88 72
B 70 37 82 43
B 70 27 76 37
L 13
B 152 64 156 68
B 118 64 122 68
B 14 60 18 64
B 26 56 30 60
B 72 56 76 60
L 14
B 150 62 158 70
B 116 62 124 70
B 12 58 20 66
B 24 54 32 62
B 70 54 78 62
