; structure creation     : 17/2/117 (18:6:16)
; structure modification : 18/2/117 (9:1:41)
; structure name : RING_with_PAD
L 11
B 314 308 316 310
B 308 308 310 310
B 277 308 279 310
B 271 308 273 310
B 240 308 242 310
B 234 308 236 310
L 1
B 222 314 334 367
B 259 314 296 344
B 296 314 334 344
L 6
B 235 317 256 341
B 272 317 293 341
B 309 317 330 341
L 9
B 225 246 331 262
B 235 317 256 341
B 225 269 235 293
B 272 317 293 341
B 262 269 272 293
B 299 269 309 293
B 309 317 330 341
L 10
B 229 279 231 281
B 229 273 231 275
B 229 285 231 287
B 250 273 252 275
B 250 279 252 281
B 250 285 252 287
B 239 273 241 275
B 239 279 241 281
B 239 285 241 287
B 239 333 241 335
B 239 327 241 329
B 239 321 241 323
B 250 333 252 335
B 250 327 252 329
B 250 321 252 323
B 229 333 231 335
B 229 321 231 323
B 229 327 231 329
B 266 327 268 329
B 266 321 268 323
B 266 333 268 335
B 287 321 289 323
B 287 327 289 329
B 287 333 289 335
B 276 321 278 323
B 276 327 278 329
B 276 333 278 335
B 276 285 278 287
B 276 279 278 281
B 276 273 278 275
B 287 285 289 287
B 287 279 289 281
B 287 273 289 275
B 266 285 268 287
B 266 273 268 275
B 266 279 268 281
B 303 279 305 281
B 303 273 305 275
B 303 285 305 287
B 324 273 326 275
B 324 279 326 281
B 324 285 326 287
B 313 273 315 275
B 313 279 315 281
B 313 285 315 287
B 313 333 315 335
B 313 327 315 329
B 313 321 315 323
B 324 333 326 335
B 324 327 326 329
B 324 321 326 323
B 303 333 305 335
B 303 321 305 323
B 303 327 305 329
B 247 352 249 354
B 241 352 243 354
B 241 358 243 360
B 247 358 249 360
B 259 358 261 360
B 253 358 255 360
B 253 352 255 354
B 259 352 261 354
B 271 352 273 354
B 265 352 267 354
B 265 358 267 360
B 271 358 273 360
B 283 358 285 360
B 277 358 279 360
B 277 352 279 354
B 283 352 285 354
B 295 352 297 354
B 289 352 291 354
B 289 358 291 360
B 295 358 297 360
B 307 358 309 360
B 301 358 303 360
B 301 352 303 354
B 307 352 309 354
B 319 352 321 354
B 313 352 315 354
B 313 358 315 360
B 319 358 321 360
B 235 352 237 354
B 229 352 231 354
B 229 358 231 360
B 235 358 237 360
B 235 256 237 258
B 229 256 231 258
B 229 250 231 252
B 235 250 237 252
B 247 250 249 252
B 241 250 243 252
B 241 256 243 258
B 247 256 249 258
B 259 256 261 258
B 253 256 255 258
B 253 250 255 252
B 259 250 261 252
B 271 250 273 252
B 265 250 267 252
B 265 256 267 258
B 271 256 273 258
B 283 256 285 258
B 277 256 279 258
B 277 250 279 252
B 283 250 285 252
B 295 250 297 252
B 289 250 291 252
B 289 256 291 258
B 295 256 297 258
B 307 256 309 258
B 301 256 303 258
B 301 250 303 252
B 307 250 309 252
B 319 250 321 252
B 313 250 315 252
B 313 256 315 258
B 319 256 321 258
B 325 358 327 360
B 325 352 327 354
B 325 256 327 258
B 325 250 327 252
L 4
B 237 331 243 337
B 237 319 254 339
B 227 271 233 291
B 237 271 254 291
B 237 325 243 331
B 237 319 243 325
B 248 331 254 337
B 248 325 254 331
B 248 319 254 325
B 227 325 233 331
B 227 319 233 339
B 264 319 270 339
B 264 325 270 331
B 285 319 291 325
B 285 325 291 331
B 285 331 291 337
B 274 319 280 325
B 274 325 280 331
B 274 271 291 291
B 264 271 270 291
B 274 319 291 339
B 274 331 280 337
B 311 331 317 337
B 311 319 328 339
B 301 271 307 291
B 311 271 328 291
B 311 325 317 331
B 311 319 317 325
B 322 331 328 337
B 322 325 328 331
B 322 319 328 325
B 301 325 307 331
B 301 319 307 339
B 245 350 251 356
B 239 350 245 356
B 239 356 245 362
B 245 356 251 362
B 257 356 263 362
B 251 356 257 362
B 251 350 257 356
B 257 350 263 356
B 269 350 275 356
B 263 350 269 356
B 263 356 269 362
B 269 356 275 362
B 281 356 287 362
B 275 356 281 362
B 275 350 281 356
B 281 350 287 356
B 293 350 299 356
B 287 350 293 356
B 287 356 293 362
B 293 356 299 362
B 305 356 311 362
B 299 356 305 362
B 299 350 305 356
B 305 350 311 356
B 317 350 323 356
B 311 350 317 356
B 311 356 317 362
B 317 356 323 362
B 233 350 239 356
B 227 350 233 356
B 227 356 233 362
B 233 356 239 362
B 233 254 239 260
B 227 254 233 260
B 227 248 233 254
B 233 248 239 254
B 245 248 251 254
B 239 248 245 254
B 239 254 245 260
B 245 254 251 260
B 257 254 263 260
B 251 254 257 260
B 251 248 257 254
B 257 248 263 254
B 269 248 275 254
B 263 248 269 254
B 263 254 269 260
B 269 254 275 260
B 281 254 287 260
B 275 254 281 260
B 275 248 281 254
B 281 248 287 254
B 293 248 299 254
B 287 248 293 254
B 287 254 293 260
B 293 254 299 260
B 305 254 311 260
B 299 254 305 260
B 299 248 305 254
B 305 248 311 254
B 317 248 323 254
B 311 248 317 254
B 311 254 317 260
B 317 254 323 260
B 323 356 329 362
B 323 350 329 356
B 323 254 329 260
B 323 248 329 254
L 12
B 227 271 233 277
B 227 277 233 283
B 227 283 233 291
B 248 271 254 277
B 248 277 254 283
B 248 283 254 292
B 237 271 243 277
B 237 277 243 283
B 237 283 243 291
B 232 306 238 312
B 238 306 244 312
B 237 331 243 340
B 237 325 243 331
B 237 319 243 325
B 248 331 254 339
B 248 325 254 331
B 248 319 254 325
B 227 331 233 350
B 227 325 233 331
B 227 319 233 325
B 248 291 254 327
B 237 260 243 272
B 237 339 243 350
B 227 260 233 272
B 231 260 239 266
B 231 344 239 350
B 268 344 276 350
B 268 260 276 266
B 264 260 270 272
B 274 339 280 350
B 274 260 280 272
B 285 289 291 327
B 264 319 270 325
B 264 325 270 331
B 264 331 270 350
B 285 319 291 325
B 285 325 291 331
B 285 331 291 339
B 274 319 280 325
B 274 325 280 331
B 274 331 280 340
B 275 306 281 312
B 269 306 275 312
B 274 283 280 291
B 274 277 280 283
B 274 271 280 277
B 285 283 291 292
B 285 277 291 283
B 285 271 291 277
B 264 283 270 291
B 264 277 270 283
B 264 271 270 277
B 301 271 307 277
B 301 277 307 283
B 301 283 307 291
B 322 271 328 277
B 322 277 328 283
B 322 283 328 292
B 311 271 317 277
B 311 277 317 283
B 311 283 317 291
B 306 306 312 312
B 312 306 318 312
B 311 331 317 340
B 311 325 317 331
B 311 319 317 325
B 322 331 328 339
B 322 325 328 331
B 322 319 328 325
B 301 331 307 350
B 301 325 307 331
B 301 319 307 325
B 322 288 328 327
B 311 260 317 272
B 311 339 317 350
B 301 260 307 272
B 305 260 313 266
B 305 344 313 350
B 250 306 269 312
B 287 306 306 312
B 224 306 232 314
B 216 306 224 314
B 328 306 336 314
B 336 306 344 314
B 245 350 251 356
B 239 350 245 356
B 239 356 245 362
B 245 356 251 362
B 257 356 263 362
B 251 356 257 362
B 251 350 257 356
B 257 350 263 356
B 269 350 275 356
B 263 350 269 356
B 263 356 269 362
B 269 356 275 362
B 281 356 287 362
B 275 356 281 362
B 275 350 281 356
B 281 350 287 356
B 293 350 299 356
B 287 350 293 356
B 287 356 293 362
B 293 356 299 362
B 305 356 311 362
B 299 356 305 362
B 299 350 305 356
B 305 350 311 356
B 317 350 323 356
B 311 350 317 356
B 311 356 317 362
B 317 356 323 362
B 233 350 239 356
B 227 350 233 356
B 227 356 233 362
B 233 356 239 362
B 233 254 239 260
B 227 254 233 260
B 227 248 233 254
B 233 248 239 254
B 245 248 251 254
B 239 248 245 254
B 239 254 245 260
B 245 254 251 260
B 257 254 263 260
B 251 254 257 260
B 251 248 257 254
B 257 248 263 254
B 269 248 275 254
B 263 248 269 254
B 263 254 269 260
B 269 254 275 260
B 281 254 287 260
B 275 254 281 260
B 275 248 281 254
B 281 248 287 254
B 293 248 299 254
B 287 248 293 254
B 287 254 293 260
B 293 254 299 260
B 305 254 311 260
B 299 254 305 260
B 299 248 305 254
B 305 248 311 254
B 317 248 323 254
B 311 248 317 254
B 311 254 317 260
B 317 254 323 260
B 323 356 329 362
B 323 350 329 356
B 323 254 329 260
B 323 248 329 254
B 253 306 261 314
B 261 306 269 314
B 298 306 306 314
B 290 306 298 314
B 216 248 230 260
B 203 246 211 254
B 203 254 211 262
B 336 298 344 306
B 328 298 336 306
B 216 298 224 306
B 224 298 232 306
B 211 254 219 262
B 211 246 219 254
B 235 371 243 379
B 235 379 243 387
B 227 379 235 387
B 227 371 235 379
B 227 357 243 372
L 7
B 244 308 247 345
B 244 266 247 309
B 281 308 284 345
B 281 266 284 309
B 318 266 321 309
B 318 308 321 345
B 232 306 244 312
B 269 306 281 312
B 306 306 318 312
L 5
B 235 269 256 293
B 272 269 293 293
B 309 269 330 293
L 8
B 225 348 331 364
B 225 317 235 341
B 235 269 256 293
B 262 317 272 341
B 272 269 293 293
B 309 269 330 293
B 299 317 309 341
L 3
B 224 316 257 342
B 224 268 257 294
B 261 316 294 342
B 261 268 294 294
B 298 268 331 294
B 298 316 331 342
L 2
B 222 243 334 296
B 259 266 296 296
B 296 266 334 296
L 13
B 205 248 209 252
B 300 308 304 312
B 292 308 296 312
B 255 308 259 312
B 263 308 267 312
B 330 308 334 312
B 338 308 342 312
B 218 308 222 312
B 226 308 230 312
B 205 256 209 260
B 338 300 342 304
B 330 300 334 304
B 226 300 230 304
B 218 300 222 304
B 213 256 217 260
B 213 248 217 252
B 237 373 241 377
B 237 381 241 385
B 229 381 233 385
B 229 373 233 377
L 14
B 216 302 232 307
B 216 296 344 302
B 253 306 261 314
B 261 306 269 314
B 328 306 336 314
B 336 306 344 314
B 216 306 224 314
B 224 306 232 314
B 328 302 344 308
B 256 313 262 350
B 115 344 256 350
B 293 344 396 350
B 293 307 299 344
B 290 306 306 314
B 426 214 526 314
B 426 414 526 514
B 344 296 426 314
B 26 214 126 314
B 203 246 211 254
B 203 254 211 262
B 336 298 344 306
B 328 298 336 306
B 224 298 232 306
B 216 298 224 306
B 211 254 219 262
B 211 246 219 254
B 77 246 216 262
B 390 414 426 431
B 390 344 403 431
B 226 414 326 514
B 235 371 243 379
B 235 379 243 387
B 227 379 235 387
B 227 371 235 379
B 227 384 243 423
B 26 414 126 514
B 106 344 126 431
L 15
B 431 219 521 309
B 431 419 521 509
B 31 219 121 309
B 231 419 321 509
B 31 419 121 509
L 31
; [strans] magnification(x 10) not supported
; [strans] magnification(x 10) not supported
; [strans] magnification(x 10) not supported
; [strans] magnification(x 10) not supported
; [strans] magnification(x 10) not supported
