; structure creation     : 2/5/24 (15:51:59)
; structure modification : 4/7/16 (5:18:43)
; structure name : DFF_V2XGEX2
L 1
B -8 68 156 118
L 2
B -8 1 156 43
L 3
B -6 70 154 116
B -6 3 154 41
L 4
B 2 107 146 113
B 80 74 146 92
B 2 74 76 92
B 2 6 146 12
B 80 27 146 33
B 2 27 76 33
L 7
B 1 16 7 22
B 27 64 33 70
B 32 59 34 104
B 32 103 116 105
B 21 37 22 43
B 15 37 21 43
B 30 18 32 36
B 116 71 118 105
B 46 19 48 48
B 55 59 57 65
B 57 59 63 65
B 46 71 48 100
B 2 18 30 20
B 30 14 32 19
B 100 48 116 59
B 114 24 116 48
B 100 59 102 71
B 32 48 48 59
B 94 71 96 95
B 126 47 132 53
B 82 47 88 53
B 94 65 100 71
B 60 47 66 53
B 12 64 18 70
B 130 37 136 43
B 94 36 100 42
B 94 24 96 36
B 88 24 90 95
B 54 24 56 95
B 66 24 68 95
B 136 23 138 95
B 124 23 126 95
B 48 98 94 100
B 94 95 96 100
B 22 23 24 95
B 10 23 12 95
B 32 14 114 16
B 114 14 116 25
B 48 19 94 21
B 94 19 96 24
L 8
B 0 105 148 115
B 0 25 148 35
L 9
B 0 72 148 94
B 0 4 148 14
L 10
B 39 29 41 31
B 39 88 41 90
B 39 84 41 86
B 39 80 41 82
B 39 76 41 78
B 88 109 90 111
B 92 109 94 111
B 96 109 98 111
B 100 109 102 111
B 104 109 106 111
B 108 109 110 111
B 112 109 114 111
B 116 109 118 111
B 120 109 122 111
B 124 109 126 111
B 128 109 130 111
B 132 109 134 111
B 136 109 138 111
B 140 109 142 111
B 84 109 86 111
B 80 109 82 111
B 76 109 78 111
B 72 109 74 111
B 68 109 70 111
B 64 109 66 111
B 60 109 62 111
B 56 109 58 111
B 52 109 54 111
B 48 109 50 111
B 44 109 46 111
B 40 109 42 111
B 36 109 38 111
B 32 109 34 111
B 28 109 30 111
B 24 109 26 111
B 20 109 22 111
B 16 109 18 111
B 12 109 14 111
B 8 109 10 111
B 4 109 6 111
B 60 88 62 90
B 16 88 18 90
B 4 88 6 90
B 60 84 62 86
B 16 84 18 86
B 4 84 6 86
B 60 80 62 82
B 16 80 18 82
B 4 80 6 82
B 142 88 144 90
B 130 88 132 90
B 106 88 108 90
B 82 88 84 90
B 142 84 144 86
B 130 84 132 86
B 106 84 108 86
B 82 84 84 86
B 142 80 144 82
B 130 80 132 82
B 106 80 108 82
B 82 80 84 82
B 72 88 74 90
B 72 84 74 86
B 72 80 74 82
B 142 76 144 78
B 130 76 132 78
B 106 76 108 78
B 82 76 84 78
B 72 76 74 78
B 60 76 62 78
B 16 76 18 78
B 4 76 6 78
B 16 29 18 31
B 4 29 6 31
B 60 29 62 31
B 72 29 74 31
B 82 29 84 31
B 106 29 108 31
B 124 8 126 10
B 120 8 122 10
B 116 8 118 10
B 112 8 114 10
B 108 8 110 10
B 104 8 106 10
B 100 8 102 10
B 96 8 98 10
B 92 8 94 10
B 88 8 90 10
B 84 8 86 10
B 80 8 82 10
B 76 8 78 10
B 72 8 74 10
B 68 8 70 10
B 64 8 66 10
B 60 8 62 10
B 56 8 58 10
B 52 8 54 10
B 48 8 50 10
B 44 8 46 10
B 40 8 42 10
B 36 8 38 10
B 32 8 34 10
B 28 8 30 10
B 24 8 26 10
B 20 8 22 10
B 16 8 18 10
B 12 8 14 10
B 8 8 10 10
B 4 8 6 10
B 130 29 132 31
B 142 29 144 31
B 140 8 142 10
B 136 8 138 10
B 132 8 134 10
B 128 8 130 10
L 11
B 3 18 5 20
B 29 66 31 68
B 17 39 19 41
B 59 61 61 63
B 128 49 130 51
B 84 49 86 51
B 96 67 98 69
B 62 49 64 51
B 14 66 16 68
B 132 39 134 41
B 96 38 98 40
L 12
; [strans] magnification(x 0.4) not supported
; [strans] magnification(x 0.4) not supported
; [strans] magnification(x 0.4) not supported
; [strans] magnification(x 0.4) not supported
; [strans] magnification(x 0.4) not supported
; [strans] magnification(x 0.4) not supported
B 2 16 8 26
B 1 16 7 22
B 18 64 27 70
B 27 64 33 70
B 37 26 43 93
B 15 47 32 53
B 15 42 21 47
B 15 37 21 43
B 63 59 70 65
B 57 59 63 65
B 0 107 148 119
B 128 74 134 112
B 80 74 86 112
B 58 74 64 112
B 14 75 20 113
B 2 32 8 93
B 140 26 146 93
B 104 26 110 93
B 70 26 76 93
B 104 61 112 69
B 24 47 32 55
B 132 47 140 53
B 126 47 132 53
B 76 47 82 53
B 82 47 88 53
B 42 47 60 53
B 94 65 100 71
B 60 47 66 53
B 12 64 18 70
B 12 60 20 68
B 14 74 20 81
B 138 61 146 69
B 0 0 148 12
B 128 6 134 33
B 80 6 86 33
B 58 6 64 33
B 14 12 20 33
B 110 37 130 43
B 130 37 136 43
B 94 36 100 42
B 2 26 8 32
L 13
B 106 63 110 67
B 26 49 30 53
B 14 62 18 66
B 140 63 144 67
L 14
B 104 61 112 69
B 24 47 32 55
B 12 60 20 68
B 138 61 146 69
