; structure creation     : 17/2/117 (18:6:16)
; structure modification : 18/2/117 (9:24:18)
; structure name : INV
L 11
B 36 68 38 70
B 30 68 32 70
L 14
B 58 66 66 74
B 66 66 74 74
B 12 66 20 74
B 20 66 28 74
L 13
B 60 68 64 72
B 68 68 72 72
B 14 68 18 72
B 22 68 26 72
L 2
B 18 10 58 63
L 3
B 20 35 53 61
B 20 78 53 104
L 8
B 31 36 52 60
B 21 79 31 103
B 21 110 55 126
L 5
B 31 36 52 60
L 7
B 28 66 40 72
B 40 33 43 69
B 40 68 43 106
L 12
B 23 38 29 44
B 23 44 29 50
B 23 50 29 58
B 44 38 50 44
B 44 44 50 50
B 44 50 50 59
B 33 38 39 44
B 33 44 39 50
B 33 50 39 58
B 28 66 34 72
B 34 66 40 72
B 33 93 39 102
B 33 87 39 93
B 33 81 39 87
B 44 93 50 101
B 44 87 50 93
B 44 81 50 87
B 23 93 29 112
B 23 87 29 93
B 23 81 29 87
B 44 57 50 82
B 33 27 39 39
B 33 100 39 112
B 23 27 29 39
B 27 27 35 33
B 27 106 35 112
B 58 66 66 74
B 66 66 74 74
B 41 112 47 118
B 35 112 41 118
B 35 118 41 124
B 41 118 47 124
B 47 118 53 124
B 47 112 53 118
B 29 112 35 118
B 23 112 29 118
B 23 118 29 124
B 29 118 35 124
B 29 21 35 27
B 23 21 29 27
B 23 15 29 21
B 29 15 35 21
B 41 15 47 21
B 35 15 41 21
B 35 21 41 27
B 41 21 47 27
B 47 21 53 27
B 47 15 53 21
B 47 66 66 72
B 12 66 20 74
B 20 66 28 74
L 4
B 33 93 39 99
B 33 81 50 101
B 23 38 29 58
B 33 38 50 58
B 33 87 39 93
B 33 81 39 87
B 44 93 50 99
B 44 87 50 93
B 44 81 50 87
B 23 87 29 93
B 23 81 29 101
B 41 112 47 118
B 35 112 41 118
B 35 118 41 124
B 41 118 47 124
B 47 118 53 124
B 47 112 53 118
B 29 112 35 118
B 23 112 29 118
B 23 118 29 124
B 29 118 35 124
B 29 21 35 27
B 23 21 29 27
B 23 15 29 21
B 29 15 35 21
B 41 15 47 21
B 35 15 41 21
B 35 21 41 27
B 41 21 47 27
B 47 21 53 27
B 47 15 53 21
L 10
B 25 46 27 48
B 25 40 27 42
B 25 52 27 54
B 46 40 48 42
B 46 46 48 48
B 46 52 48 54
B 35 40 37 42
B 35 46 37 48
B 35 52 37 54
B 35 95 37 97
B 35 89 37 91
B 35 83 37 85
B 46 95 48 97
B 46 89 48 91
B 46 83 48 85
B 25 95 27 97
B 25 83 27 85
B 25 89 27 91
B 43 114 45 116
B 37 114 39 116
B 37 120 39 122
B 43 120 45 122
B 49 120 51 122
B 49 114 51 116
B 31 114 33 116
B 25 114 27 116
B 25 120 27 122
B 31 120 33 122
B 31 23 33 25
B 25 23 27 25
B 25 17 27 19
B 31 17 33 19
B 43 17 45 19
B 37 17 39 19
B 37 23 39 25
B 43 23 45 25
B 49 23 51 25
B 49 17 51 19
L 9
B 21 36 31 60
B 31 79 52 103
B 21 13 55 29
L 6
B 31 79 52 103
L 1
B 18 76 58 129
L 31
; [strans] magnification(x 10) not supported
; [strans] magnification(x 10) not supported
; [strans] magnification(x 10) not supported
; [strans] magnification(x 10) not supported
