; structure creation     : 17/2/117 (18:6:16)
; structure modification : 18/2/117 (9:38:35)
; structure name : INV_with_PAD
L 15
B 321 210 411 300
B 321 10 411 100
B 21 210 111 300
B 21 10 111 100
L 11
B 180 145 182 147
B 174 145 176 147
L 14
B 227 89 346 105
B 223 89 231 97
B 223 97 231 105
B 215 89 223 97
B 215 97 223 105
B 316 5 416 105
B 222 142 230 150
B 230 142 238 150
B 156 146 164 154
B 164 146 172 154
B 230 150 238 158
B 222 150 230 158
B 226 154 234 221
B 316 205 416 305
B 227 205 346 221
B 16 205 116 305
B 151 195 159 203
B 151 187 159 195
B 159 195 167 203
B 159 187 167 195
B 46 205 165 221
B 151 203 167 221
B 16 5 116 105
B 164 138 172 146
B 156 138 164 146
B 87 138 165 154
B 87 105 116 138
L 13
B 161 189 165 193
B 166 148 170 152
B 158 148 162 152
B 232 144 236 148
B 224 144 228 148
B 217 99 221 103
B 217 91 221 95
B 225 99 229 103
B 225 91 229 95
B 232 152 236 156
B 224 152 228 156
B 161 197 165 201
B 153 189 157 193
B 153 197 157 201
B 158 140 162 144
B 166 140 170 144
L 2
B 171 87 212 141
L 3
B 174 112 207 138
B 174 154 207 180
L 8
B 185 113 206 137
B 175 155 185 179
B 175 186 209 202
L 5
B 185 113 206 137
L 7
B 172 143 184 149
B 194 110 197 146
B 194 145 197 182
B 182 143 196 149
L 12
B 177 115 183 121
B 177 121 183 127
B 177 127 183 135
B 198 115 204 121
B 198 121 204 127
B 198 127 204 136
B 187 115 193 121
B 187 121 193 127
B 187 127 193 135
B 172 143 178 149
B 178 143 184 149
B 187 169 193 178
B 187 163 193 169
B 187 157 193 163
B 198 169 204 177
B 198 163 204 169
B 198 157 204 163
B 177 169 183 188
B 177 163 183 169
B 177 157 183 163
B 198 134 204 159
B 187 104 193 116
B 187 177 193 188
B 177 104 183 116
B 181 104 189 110
B 181 182 189 188
B 222 142 230 150
B 230 142 238 150
B 195 188 201 194
B 189 188 195 194
B 189 194 195 200
B 195 194 201 200
B 201 194 207 200
B 201 188 207 194
B 183 188 189 194
B 177 188 183 194
B 177 194 183 200
B 183 194 189 200
B 183 98 189 104
B 177 98 183 104
B 177 92 183 98
B 183 92 189 98
B 195 92 201 98
B 189 92 195 98
B 189 98 195 104
B 195 98 201 104
B 201 98 207 104
B 201 92 207 98
B 201 143 230 149
B 156 146 164 154
B 164 146 172 154
B 215 97 223 105
B 215 89 223 97
B 201 92 215 104
B 223 89 231 97
B 223 97 231 105
B 230 150 238 158
B 222 150 230 158
B 159 195 167 203
B 159 187 167 195
B 151 187 159 195
B 151 195 159 203
B 166 188 180 200
B 164 138 172 146
B 156 138 164 146
L 4
B 187 169 193 175
B 187 157 204 177
B 177 115 183 135
B 187 115 204 135
B 187 163 193 169
B 187 157 193 163
B 198 169 204 175
B 198 163 204 169
B 198 157 204 163
B 177 163 183 169
B 177 157 183 177
B 195 188 201 194
B 189 188 195 194
B 189 194 195 200
B 195 194 201 200
B 201 194 207 200
B 201 188 207 194
B 183 188 189 194
B 177 188 183 194
B 177 194 183 200
B 183 194 189 200
B 183 98 189 104
B 177 98 183 104
B 177 92 183 98
B 183 92 189 98
B 195 92 201 98
B 189 92 195 98
B 189 98 195 104
B 195 98 201 104
B 201 98 207 104
B 201 92 207 98
L 10
B 179 123 181 125
B 179 117 181 119
B 179 129 181 131
B 200 117 202 119
B 200 123 202 125
B 200 129 202 131
B 189 117 191 119
B 189 123 191 125
B 189 129 191 131
B 189 171 191 173
B 189 165 191 167
B 189 159 191 161
B 200 171 202 173
B 200 165 202 167
B 200 159 202 161
B 179 171 181 173
B 179 159 181 161
B 179 165 181 167
B 197 190 199 192
B 191 190 193 192
B 191 196 193 198
B 197 196 199 198
B 203 196 205 198
B 203 190 205 192
B 185 190 187 192
B 179 190 181 192
B 179 196 181 198
B 185 196 187 198
B 185 100 187 102
B 179 100 181 102
B 179 94 181 96
B 185 94 187 96
B 197 94 199 96
B 191 94 193 96
B 191 100 193 102
B 197 100 199 102
B 203 100 205 102
B 203 94 205 96
L 9
B 175 113 185 137
B 185 155 206 179
B 175 90 209 106
L 6
B 185 155 206 179
L 1
B 172 152 212 205
L 31
; [strans] magnification(x 10) not supported
; [strans] magnification(x 10) not supported
; [strans] magnification(x 10) not supported
; [strans] magnification(x 10) not supported
