; structure creation     : 17/2/117 (18:6:16)
; structure modification : 18/2/117 (9:19:58)
; structure name : RING_fix
L 31
; [strans] magnification(x 10) not supported
; [strans] magnification(x 10) not supported
; [strans] magnification(x 10) not supported
L 1
B 18 76 130 129
B 55 76 92 106
B 92 76 130 106
L 6
B 31 79 52 103
B 68 79 89 103
B 105 79 126 103
L 9
B 21 13 127 29
B 31 79 52 103
B 21 36 31 60
B 68 79 89 103
B 58 36 68 60
B 95 36 105 60
B 105 79 126 103
L 10
B 25 46 27 48
B 25 40 27 42
B 25 52 27 54
B 46 40 48 42
B 46 46 48 48
B 46 52 48 54
B 35 40 37 42
B 35 46 37 48
B 35 52 37 54
B 35 95 37 97
B 35 89 37 91
B 35 83 37 85
B 46 95 48 97
B 46 89 48 91
B 46 83 48 85
B 25 95 27 97
B 25 83 27 85
B 25 89 27 91
B 62 89 64 91
B 62 83 64 85
B 62 95 64 97
B 83 83 85 85
B 83 89 85 91
B 83 95 85 97
B 72 83 74 85
B 72 89 74 91
B 72 95 74 97
B 72 52 74 54
B 72 46 74 48
B 72 40 74 42
B 83 52 85 54
B 83 46 85 48
B 83 40 85 42
B 62 52 64 54
B 62 40 64 42
B 62 46 64 48
B 99 46 101 48
B 99 40 101 42
B 99 52 101 54
B 120 40 122 42
B 120 46 122 48
B 120 52 122 54
B 109 40 111 42
B 109 46 111 48
B 109 52 111 54
B 109 95 111 97
B 109 89 111 91
B 109 83 111 85
B 120 95 122 97
B 120 89 122 91
B 120 83 122 85
B 99 95 101 97
B 99 83 101 85
B 99 89 101 91
B 43 114 45 116
B 37 114 39 116
B 37 120 39 122
B 43 120 45 122
B 55 120 57 122
B 49 120 51 122
B 49 114 51 116
B 55 114 57 116
B 67 114 69 116
B 61 114 63 116
B 61 120 63 122
B 67 120 69 122
B 79 120 81 122
B 73 120 75 122
B 73 114 75 116
B 79 114 81 116
B 91 114 93 116
B 85 114 87 116
B 85 120 87 122
B 91 120 93 122
B 103 120 105 122
B 97 120 99 122
B 97 114 99 116
B 103 114 105 116
B 115 114 117 116
B 109 114 111 116
B 109 120 111 122
B 115 120 117 122
B 31 114 33 116
B 25 114 27 116
B 25 120 27 122
B 31 120 33 122
B 31 23 33 25
B 25 23 27 25
B 25 17 27 19
B 31 17 33 19
B 43 17 45 19
B 37 17 39 19
B 37 23 39 25
B 43 23 45 25
B 55 23 57 25
B 49 23 51 25
B 49 17 51 19
B 55 17 57 19
B 67 17 69 19
B 61 17 63 19
B 61 23 63 25
B 67 23 69 25
B 79 23 81 25
B 73 23 75 25
B 73 17 75 19
B 79 17 81 19
B 91 17 93 19
B 85 17 87 19
B 85 23 87 25
B 91 23 93 25
B 103 23 105 25
B 97 23 99 25
B 97 17 99 19
B 103 17 105 19
B 115 17 117 19
B 109 17 111 19
B 109 23 111 25
B 115 23 117 25
B 121 120 123 122
B 121 114 123 116
B 121 23 123 25
B 121 17 123 19
L 4
B 33 93 39 99
B 33 81 50 101
B 23 38 29 58
B 33 38 50 58
B 33 87 39 93
B 33 81 39 87
B 44 93 50 99
B 44 87 50 93
B 44 81 50 87
B 23 87 29 93
B 23 81 29 101
B 60 81 66 101
B 60 87 66 93
B 81 81 87 87
B 81 87 87 93
B 81 93 87 99
B 70 81 76 87
B 70 87 76 93
B 70 38 87 58
B 60 38 66 58
B 70 81 87 101
B 70 93 76 99
B 107 93 113 99
B 107 81 124 101
B 97 38 103 58
B 107 38 124 58
B 107 87 113 93
B 107 81 113 87
B 118 93 124 99
B 118 87 124 93
B 118 81 124 87
B 97 87 103 93
B 97 81 103 101
B 41 112 47 118
B 35 112 41 118
B 35 118 41 124
B 41 118 47 124
B 53 118 59 124
B 47 118 53 124
B 47 112 53 118
B 53 112 59 118
B 65 112 71 118
B 59 112 65 118
B 59 118 65 124
B 65 118 71 124
B 77 118 83 124
B 71 118 77 124
B 71 112 77 118
B 77 112 83 118
B 89 112 95 118
B 83 112 89 118
B 83 118 89 124
B 89 118 95 124
B 101 118 107 124
B 95 118 101 124
B 95 112 101 118
B 101 112 107 118
B 113 112 119 118
B 107 112 113 118
B 107 118 113 124
B 113 118 119 124
B 29 112 35 118
B 23 112 29 118
B 23 118 29 124
B 29 118 35 124
B 29 21 35 27
B 23 21 29 27
B 23 15 29 21
B 29 15 35 21
B 41 15 47 21
B 35 15 41 21
B 35 21 41 27
B 41 21 47 27
B 53 21 59 27
B 47 21 53 27
B 47 15 53 21
B 53 15 59 21
B 65 15 71 21
B 59 15 65 21
B 59 21 65 27
B 65 21 71 27
B 77 21 83 27
B 71 21 77 27
B 71 15 77 21
B 77 15 83 21
B 89 15 95 21
B 83 15 89 21
B 83 21 89 27
B 89 21 95 27
B 101 21 107 27
B 95 21 101 27
B 95 15 101 21
B 101 15 107 21
B 113 15 119 21
B 107 15 113 21
B 107 21 113 27
B 113 21 119 27
B 119 118 125 124
B 119 112 125 118
B 119 21 125 27
B 119 15 125 21
L 12
B 23 38 29 44
B 23 44 29 50
B 23 50 29 58
B 44 38 50 44
B 44 44 50 50
B 44 50 50 59
B 33 38 39 44
B 33 44 39 50
B 33 50 39 58
B 28 70 34 76
B 34 70 40 76
B 33 93 39 102
B 33 87 39 93
B 33 81 39 87
B 44 93 50 101
B 44 87 50 93
B 44 81 50 87
B 23 93 29 112
B 23 87 29 93
B 23 81 29 87
B 44 57 50 82
B 33 27 39 39
B 33 100 39 112
B 23 27 29 39
B 27 27 35 33
B 27 106 35 112
B 64 106 72 112
B 64 27 72 33
B 60 27 66 39
B 70 100 76 112
B 70 27 76 39
B 81 57 87 82
B 60 81 66 87
B 60 87 66 93
B 60 93 66 112
B 81 81 87 87
B 81 87 87 93
B 81 93 87 101
B 70 81 76 87
B 70 87 76 93
B 70 93 76 102
B 71 70 77 76
B 65 70 71 76
B 70 50 76 58
B 70 44 76 50
B 70 38 76 44
B 81 50 87 59
B 81 44 87 50
B 81 38 87 44
B 60 50 66 58
B 60 44 66 50
B 60 38 66 44
B 97 38 103 44
B 97 44 103 50
B 97 50 103 58
B 118 38 124 44
B 118 44 124 50
B 118 50 124 59
B 107 38 113 44
B 107 44 113 50
B 107 50 113 58
B 102 70 108 76
B 108 70 114 76
B 107 93 113 102
B 107 87 113 93
B 107 81 113 87
B 118 93 124 101
B 118 87 124 93
B 118 81 124 87
B 97 93 103 112
B 97 87 103 93
B 97 81 103 87
B 118 57 124 82
B 107 27 113 39
B 107 100 113 112
B 97 27 103 39
B 101 27 109 33
B 101 106 109 112
B 46 70 65 76
B 83 70 102 76
B 20 68 28 76
B 12 68 20 76
B 124 68 132 76
B 132 68 140 76
B 41 112 47 118
B 35 112 41 118
B 35 118 41 124
B 41 118 47 124
B 53 118 59 124
B 47 118 53 124
B 47 112 53 118
B 53 112 59 118
B 65 112 71 118
B 59 112 65 118
B 59 118 65 124
B 65 118 71 124
B 77 118 83 124
B 71 118 77 124
B 71 112 77 118
B 77 112 83 118
B 89 112 95 118
B 83 112 89 118
B 83 118 89 124
B 89 118 95 124
B 101 118 107 124
B 95 118 101 124
B 95 112 101 118
B 101 112 107 118
B 113 112 119 118
B 107 112 113 118
B 107 118 113 124
B 113 118 119 124
B 29 112 35 118
B 23 112 29 118
B 23 118 29 124
B 29 118 35 124
B 29 21 35 27
B 23 21 29 27
B 23 15 29 21
B 29 15 35 21
B 41 15 47 21
B 35 15 41 21
B 35 21 41 27
B 41 21 47 27
B 53 21 59 27
B 47 21 53 27
B 47 15 53 21
B 53 15 59 21
B 65 15 71 21
B 59 15 65 21
B 59 21 65 27
B 65 21 71 27
B 77 21 83 27
B 71 21 77 27
B 71 15 77 21
B 77 15 83 21
B 89 15 95 21
B 83 15 89 21
B 83 21 89 27
B 89 21 95 27
B 101 21 107 27
B 95 21 101 27
B 95 15 101 21
B 101 15 107 21
B 113 15 119 21
B 107 15 113 21
B 107 21 113 27
B 113 21 119 27
B 119 118 125 124
B 119 112 125 118
B 119 21 125 27
B 119 15 125 21
L 7
B 40 68 43 106
B 40 33 43 69
B 28 70 40 76
B 77 68 80 106
B 77 33 80 69
B 65 70 77 76
B 102 70 114 76
B 114 33 117 69
B 114 68 117 106
L 5
B 31 36 52 60
B 68 36 89 60
B 105 36 126 60
L 8
B 21 110 127 126
B 21 79 31 103
B 31 36 52 60
B 58 79 68 103
B 68 36 89 60
B 105 36 126 60
B 95 79 105 103
L 3
B 20 78 53 104
B 20 35 53 61
B 57 78 90 104
B 57 35 90 61
B 94 35 127 61
B 94 78 127 104
L 2
B 18 10 130 63
B 55 33 92 63
B 92 33 130 63
L 13
B 22 70 26 74
B 14 70 18 74
B 134 70 138 74
B 126 70 130 74
L 14
B 20 68 28 76
B 12 68 20 76
B 132 68 140 76
B 124 68 132 76
B 12 63 140 69
L 11
B 30 72 32 74
B 36 72 38 74
B 67 72 69 74
B 73 72 75 74
B 104 72 106 74
B 110 72 112 74
