; structure creation     : 64639/48707/37019 (0:116:5)
; structure modification : 64639/48707/37019 (0:116:5)
; structure name : an12_x1
L 1
B 0 59 62 97
B 0 59 60 125
B 0 59 61 121
L 2
B 0 11 62 37
B 0 2 48 37
L 8
B 4 7 15 32
B 33 7 44 32
B 4 16 58 32
B 47 101 58 117
L 9
B 4 64 58 92
B 12 64 44 116
B 4 64 44 104
L 4
B 6 9 13 30
B 35 9 42 30
B 14 66 42 114
B 6 66 42 102
B 6 18 56 30
B 6 66 56 90
B 49 103 56 115
L 7
B 16 44 25 51
B 16 14 18 51
B 18 44 25 52
B 21 44 23 118
B 30 14 32 118
B 37 32 45 40
B 37 56 45 64
B 45 14 47 39
B 37 32 47 39
B 30 47 57 49
B 37 57 47 64
B 49 44 57 52
B 45 57 47 94
L 6
B 12 64 31 116
B 21 64 41 116
B 36 64 55 92
B 36 64 55 92
B 21 64 41 116
B 12 64 31 116
L 5
B 7 16 27 32
B 21 16 41 32
B 36 16 55 32
B 36 16 55 32
B 21 16 41 32
B 7 16 27 32
L 3
B 17 15 31 33
B 6 15 28 33
B 3 6 16 33
B 32 6 45 33
B 20 15 42 33
B 35 15 56 33
B 11 63 32 117
B 32 63 45 117
B 20 63 42 117
B 8 63 21 105
B 35 63 56 93
B 3 63 16 105
B 46 15 59 33
B 46 63 59 93
B 46 100 59 118
B 46 100 59 118
B 46 63 59 93
B 46 15 59 33
B 3 63 16 105
B 35 63 56 93
B 8 63 21 105
B 20 63 42 117
B 32 63 45 117
B 11 63 32 117
B 35 15 56 33
B 20 15 42 33
B 32 6 45 33
B 3 6 16 33
B 6 15 28 33
B 17 15 31 33
L 10
B 23 23 25 25
B 9 11 11 13
B 37 11 39 13
B 37 11 39 13
B 52 71 54 73
B 37 107 39 109
B 9 71 11 73
B 9 83 11 85
B 9 95 11 97
B 52 112 54 114
B 52 83 54 85
B 52 23 54 25
L 12
B 21 21 27 27
B 7 9 13 15
B 35 9 41 15
B 35 9 41 15
B 50 69 56 75
B 35 105 41 111
B 7 69 13 75
B 7 81 13 87
B 7 93 13 99
B 50 110 56 116
B 50 81 56 87
B 50 21 56 27
B 50 45 56 51
B 38 57 44 63
B 38 33 44 39
B 19 45 25 51
B 9 21 27 27
B 4 33 10 63
B 9 57 15 99
B 4 33 15 39
B 4 57 13 63
L 255
B 9 21 15 39
T 11 26 10 1638144 q
B 9 57 15 99
T 11 68 10 1638144 q
B 21 33 27 99
T 23 50 10 1638144 i0
B 33 21 39 99
T 35 41 10 1638144 i1
B -3 105 63 121
T 14 109 10 1638144 vdd
B -3 -1 63 15
T 14 3 10 1638144 vss
L 12
B 21 33 27 99
B 33 21 39 99
B 50 21 56 87
B 33 57 44 63
B 33 33 44 39
B 9 21 15 39
B 9 21 15 39
B 33 33 44 39
B 33 57 44 63
B 50 21 56 87
B 33 21 39 99
B 21 33 27 99
B -3 -1 63 15
B -3 105 63 121
B 33 21 39 99
B 21 33 27 99
B 9 57 15 99
B 9 21 15 39
B 4 57 13 63
B 4 33 15 39
B 9 57 15 99
B 4 33 10 63
B 9 21 27 27
L 11
B 52 47 54 49
B 40 59 42 61
B 40 35 42 37
B 21 47 23 49
L 24
B 35 47 37 49
T 36 48 10 1638144 i1_20
B 35 35 37 37
T 36 36 10 1638144 i1_15
B 23 35 25 37
T 24 36 10 1638144 i0_15
B 23 47 25 49
T 24 48 10 1638144 i0_20
B 11 35 13 37
T 12 36 10 1638144 q_15
B 11 59 13 61
T 12 60 10 1638144 q_25
B 11 71 13 73
T 12 72 10 1638144 q_30
B 35 95 37 97
T 36 96 10 1638144 i1_40
B 35 83 37 85
T 36 84 10 1638144 i1_35
B 35 71 37 73
T 36 72 10 1638144 i1_30
B 35 59 37 61
T 36 60 10 1638144 i1_25
B 11 83 13 85
T 12 84 10 1638144 q_35
B 11 95 13 97
T 12 96 10 1638144 q_40
B 23 59 25 61
T 24 60 10 1638144 i0_25
B 23 71 25 73
T 24 72 10 1638144 i0_30
B 23 83 25 85
T 24 84 10 1638144 i0_35
B 23 95 25 97
T 24 96 10 1638144 i0_40
B 11 23 13 25
T 12 24 10 1638144 q_10
B 35 23 37 25
T 36 24 10 1638144 i1_10
