; structure creation     : 1/5/24 (14:53:22)
; structure modification : 4/7/16 (5:18:43)
; structure name : DFF_R_V2XGEX
L 1
B -8 68 168 118
L 2
B -8 1 168 47
L 3
B -6 70 166 116
B -6 3 166 45
L 4
B 2 26 88 32
B 92 26 158 32
B 2 6 158 12
B 2 74 88 92
B 92 74 158 92
B 2 107 158 113
L 7
B 55 65 57 71
B 57 65 63 71
B 46 72 48 100
B 32 59 34 104
B 27 65 33 71
B 32 103 128 105
B 15 36 21 42
B 21 36 22 42
B 46 18 48 48
B 128 72 130 105
B 106 95 108 100
B 48 98 106 100
B 30 13 32 20
B 106 18 108 24
B 48 18 106 20
B 126 13 128 24
B 32 13 126 15
B 7 18 30 20
B 1 16 7 22
B 10 23 12 96
B 22 23 24 96
B 100 23 102 95
B 78 23 80 95
B 66 23 68 95
B 54 23 56 95
B 136 23 138 95
B 148 23 150 95
B 30 20 32 35
B 106 24 108 36
B 106 36 112 42
B 142 36 148 42
B 106 65 112 71
B 94 47 100 53
B 138 47 144 53
B 106 71 108 95
B 112 59 114 71
B 126 24 128 48
B 112 48 128 59
B 12 65 18 71
B 60 47 66 53
B 32 48 48 59
B 72 47 78 53
L 8
B 0 24 160 34
B 0 105 160 115
L 9
B 0 4 160 14
B 0 72 160 94
L 10
B 39 28 41 30
B 39 76 41 78
B 39 80 41 82
B 39 84 41 86
B 39 88 41 90
B 80 8 82 10
B 72 8 74 10
B 76 8 78 10
B 68 8 70 10
B 84 8 86 10
B 88 8 90 10
B 92 8 94 10
B 96 8 98 10
B 100 8 102 10
B 104 8 106 10
B 108 8 110 10
B 112 8 114 10
B 116 8 118 10
B 120 8 122 10
B 124 8 126 10
B 118 28 120 30
B 94 28 96 30
B 84 28 86 30
B 84 76 86 78
B 94 76 96 78
B 118 76 120 78
B 84 80 86 82
B 84 84 86 86
B 84 88 86 90
B 94 80 96 82
B 118 80 120 82
B 94 84 96 86
B 118 84 120 86
B 94 88 96 90
B 118 88 120 90
B 84 109 86 111
B 88 109 90 111
B 92 109 94 111
B 96 109 98 111
B 100 109 102 111
B 104 109 106 111
B 108 109 110 111
B 112 109 114 111
B 116 109 118 111
B 120 109 122 111
B 124 109 126 111
B 4 8 6 10
B 8 8 10 10
B 12 8 14 10
B 16 8 18 10
B 20 8 22 10
B 24 8 26 10
B 28 8 30 10
B 32 8 34 10
B 36 8 38 10
B 40 8 42 10
B 44 8 46 10
B 48 8 50 10
B 52 8 54 10
B 56 8 58 10
B 60 8 62 10
B 64 8 66 10
B 60 28 62 30
B 4 28 6 30
B 16 28 18 30
B 4 76 6 78
B 16 76 18 78
B 60 76 62 78
B 4 80 6 82
B 16 80 18 82
B 60 80 62 82
B 4 84 6 86
B 16 84 18 86
B 60 84 62 86
B 4 88 6 90
B 16 88 18 90
B 60 88 62 90
B 4 109 6 111
B 8 109 10 111
B 12 109 14 111
B 16 109 18 111
B 20 109 22 111
B 24 109 26 111
B 28 109 30 111
B 32 109 34 111
B 36 109 38 111
B 40 109 42 111
B 44 109 46 111
B 48 109 50 111
B 52 109 54 111
B 56 109 58 111
B 60 109 62 111
B 64 109 66 111
B 68 109 70 111
B 72 109 74 111
B 76 109 78 111
B 80 109 82 111
B 140 8 142 10
B 144 8 146 10
B 148 8 150 10
B 152 8 154 10
B 154 28 156 30
B 142 28 144 30
B 128 8 130 10
B 132 8 134 10
B 136 8 138 10
B 142 76 144 78
B 154 76 156 78
B 142 80 144 82
B 154 80 156 82
B 142 84 144 86
B 154 84 156 86
B 142 88 144 90
B 154 88 156 90
B 152 109 154 111
B 148 109 150 111
B 144 109 146 111
B 140 109 142 111
B 136 109 138 111
B 132 109 134 111
B 128 109 130 111
B 72 28 74 30
L 11
B 59 67 61 69
B 29 67 31 69
B 17 38 19 40
B 3 18 5 20
B 108 38 110 40
B 144 38 146 40
B 108 67 110 69
B 96 49 98 51
B 140 49 142 51
B 74 49 76 51
B 14 67 16 69
B 62 49 64 51
L 12
B 63 65 82 71
B 57 65 63 71
B 27 65 33 71
B 18 65 27 71
B 37 26 43 93
B 15 36 21 42
B 15 42 21 47
B 15 47 32 53
B 2 16 8 26
B 1 16 7 22
B 106 36 112 42
B 142 36 148 42
B 122 36 142 42
B 92 6 98 32
B 140 6 146 32
B 0 0 160 12
B 150 61 158 69
B 106 65 112 71
B 94 47 100 53
B 88 47 94 53
B 138 47 144 53
B 144 47 152 53
B 116 61 124 69
B 116 26 122 93
B 152 26 158 93
B 92 75 98 113
B 140 75 146 113
B 0 107 160 119
B 2 26 8 32
B 14 12 20 32
B 58 6 64 32
B 14 75 20 81
B 12 57 20 65
B 12 65 18 71
B 60 47 66 53
B 42 47 60 53
B 24 53 32 61
B 2 32 8 93
B 14 75 20 113
B 58 75 64 113
B 82 71 88 93
B 70 53 78 61
B 72 47 78 53
B 82 36 88 71
B 82 6 88 32
B 70 36 82 42
B 70 26 76 36
; [strans] magnification(x 0.4) not supported
; [strans] magnification(x 0.4) not supported
; [strans] magnification(x 0.4) not supported
; [strans] magnification(x 0.4) not supported
; [strans] magnification(x 0.4) not supported
; [strans] magnification(x 0.4) not supported
; [strans] magnification(x 0.4) not supported
L 13
B 152 63 156 67
B 118 63 122 67
B 14 59 18 63
B 26 55 30 59
B 72 55 76 59
L 14
B 150 61 158 69
B 116 61 124 69
B 12 57 20 65
B 24 53 32 61
B 70 53 78 61
