; structure creation     : 64639/48707/37019 (0:116:5)
; structure modification : 64639/48707/37019 (0:116:5)
; structure name : no2_x1
L 1
B 0 59 50 121
B 0 59 48 125
L 2
B 0 2 48 37
L 8
B 4 7 15 32
B 4 16 44 32
B 33 7 44 32
L 9
B 4 64 46 104
B 14 64 46 116
L 4
B 6 9 13 30
B 6 18 42 30
B 35 9 42 30
B 16 66 44 114
B 6 66 44 102
L 7
B 16 14 18 59
B 20 56 28 64
B 16 57 28 59
B 23 56 25 118
B 30 44 40 49
B 32 44 40 52
B 30 14 32 49
B 33 44 35 118
L 6
B 24 64 43 116
B 14 64 34 116
B 14 64 34 116
B 24 64 43 116
L 5
B 7 16 27 32
B 21 16 41 32
B 21 16 41 32
B 7 16 27 32
L 3
B 3 63 16 105
B 6 15 28 33
B 17 15 31 33
B 20 15 42 33
B 32 6 45 33
B 3 6 16 33
B 34 63 47 117
B 23 63 44 117
B 10 63 23 105
B 13 63 35 117
B 13 63 35 117
B 10 63 23 105
B 23 63 44 117
B 34 63 47 117
B 3 6 16 33
B 32 6 45 33
B 20 15 42 33
B 17 15 31 33
B 6 15 28 33
B 3 63 16 105
L 10
B 37 11 39 13
B 9 11 11 13
B 37 11 39 13
B 23 23 25 25
B 40 107 42 109
B 11 71 13 73
B 11 83 13 85
B 11 95 13 97
L 12
B 33 45 39 51
B 21 57 27 63
B 35 9 41 15
B 7 9 13 15
B 35 9 41 15
B 21 21 27 27
B 38 105 44 111
B 9 69 15 75
B 9 81 15 87
B 9 93 15 99
L 255
B -3 -1 51 15
T 11 3 10 1638144 vss
L 12
B 34 21 38 99
L 255
B -3 105 51 121
T 11 109 10 1638144 vdd
L 12
B 22 33 26 99
L 255
B 33 21 39 99
T 35 41 10 1638144 i0
B 9 21 15 99
T 11 41 10 1638144 nq
B 21 33 27 99
T 23 50 10 1638144 i1
L 12
B 9 21 15 99
B 9 21 27 27
B 9 21 27 27
B 9 21 15 99
B 21 33 27 99
B 9 21 15 99
B 33 21 39 99
B 22 33 26 99
B -3 105 51 121
B 34 21 38 99
B -3 -1 51 15
L 11
B 35 47 37 49
B 23 59 25 61
L 24
B 35 23 37 25
T 36 24 10 1638144 i0_10
B 11 23 13 25
T 12 24 10 1638144 nq_10
B 11 95 13 97
T 12 96 10 1638144 nq_40
B 11 83 13 85
T 12 84 10 1638144 nq_35
B 11 71 13 73
T 12 72 10 1638144 nq_30
B 11 59 13 61
T 12 60 10 1638144 nq_25
B 11 47 13 49
T 12 48 10 1638144 nq_20
B 11 35 13 37
T 12 36 10 1638144 nq_15
B 23 95 25 97
T 24 96 10 1638144 i1_40
B 23 83 25 85
T 24 84 10 1638144 i1_35
B 23 71 25 73
T 24 72 10 1638144 i1_30
B 23 59 25 61
T 24 60 10 1638144 i1_25
B 23 47 25 49
T 24 48 10 1638144 i1_20
B 23 35 25 37
T 24 36 10 1638144 i1_15
B 35 35 37 37
T 36 36 10 1638144 i0_15
B 35 47 37 49
T 36 48 10 1638144 i0_20
B 35 59 37 61
T 36 60 10 1638144 i0_25
B 35 71 37 73
T 36 72 10 1638144 i0_30
B 35 83 37 85
T 36 84 10 1638144 i0_35
B 35 95 37 97
T 36 96 10 1638144 i0_40
