; structure creation     : 64639/60534/53450 (0:45076:13569)
; structure modification : 64639/60534/53450 (0:45076:13569)
; structure name : a2_x2
L 1
B -3 63 66 133
L 2
B -3 -3 66 53
L 8
B 17 4 28 47
B 2 16 28 47
B 2 16 58 34
B 17 4 58 34
L 9
B 2 79 13 119
B 32 66 58 122
B 2 79 58 109
L 4
B 5 110 11 116
B 20 97 26 103
B 35 110 41 116
B 50 97 56 103
B 50 85 56 91
B 50 72 56 78
B 50 22 56 28
B 5 22 11 28
B 35 10 41 16
B 5 97 11 103
B 19 6 26 45
B 4 18 11 45
B 7 18 23 45
B 37 68 53 120
B 34 68 41 120
B 49 68 56 120
B 37 6 53 32
B 49 6 56 32
B 34 6 41 32
B 22 6 38 32
B 22 81 38 107
B 4 81 11 117
B 7 81 23 107
B 19 81 26 107
B 19 81 26 107
B 7 81 23 107
B 4 81 11 117
B 22 81 38 107
B 22 6 38 32
B 34 6 41 32
B 49 6 56 32
B 37 6 53 32
B 49 68 56 120
B 34 68 41 120
B 37 68 53 120
B 7 18 23 45
B 4 18 11 45
B 19 6 26 45
L 7
B 34 59 41 66
B 34 34 41 41
B 9 47 16 54
B 22 47 29 54
B 9 72 16 79
B 14 15 16 48
B 24 49 46 51
B 29 34 39 41
B 29 59 39 66
B 44 34 46 66
B 44 65 46 123
B 44 3 46 35
B 29 3 31 35
B 29 59 31 79
B 29 78 31 110
B 14 78 16 110
B 14 78 16 110
B 29 78 31 110
B 29 59 31 79
B 29 3 31 35
B 44 3 46 35
B 44 65 46 123
B 44 34 46 66
B 29 59 39 66
B 29 34 39 41
B 24 49 46 51
B 14 15 16 48
L 6
B 3 108 13 118
B 18 95 28 105
B 33 108 43 118
B 48 95 58 105
B 48 83 58 93
B 48 70 58 80
B 3 95 13 105
B 35 66 55 122
B 32 66 43 122
B 47 66 58 122
B 20 79 40 109
B 2 79 13 119
B 5 79 25 109
B 17 79 28 109
B 17 79 28 109
B 5 79 25 109
B 2 79 13 119
B 20 79 40 109
B 47 66 58 122
B 32 66 43 122
B 35 66 55 122
L 5
B 48 20 58 30
B 3 20 13 30
B 33 8 43 18
B 17 4 28 47
B 2 16 13 47
B 5 16 25 47
B 35 4 55 34
B 47 4 58 34
B 32 4 43 34
B 20 4 40 34
B 20 4 40 34
B 32 4 43 34
B 47 4 58 34
B 35 4 55 34
B 5 16 25 47
B 2 16 13 47
B 17 4 28 47
L 3
B -1 -1 64 51
B -1 65 64 131
B -1 65 64 131
B -1 -1 64 51
L 10
B 7 112 9 114
B 22 99 24 101
B 37 112 39 114
B 52 99 54 101
B 52 87 54 89
B 52 74 54 76
B 52 24 54 26
B 7 24 9 26
B 37 12 39 14
B 7 99 9 101
L 12
B 35 60 41 66
B 35 35 41 41
B 10 47 16 53
B 22 47 28 53
B 5 110 11 116
B 20 97 26 103
B 35 110 41 116
B 50 97 56 103
B 50 85 56 91
B 50 72 56 78
B 50 22 56 28
B 5 22 11 28
B 35 10 41 16
B 10 72 16 78
B 5 97 11 103
L 60
B 35 22 41 103
B 10 35 16 91
B 47 22 53 103
B -3 110 66 126
B -3 -1 66 16
L 12
B -3 110 66 126
L 60
L 12
B -3 -1 66 16
L 60
L 12
B 10 35 16 91
B 5 97 11 116
B 47 22 53 103
B 5 22 26 28
B 22 22 28 103
B 35 22 41 103
B 35 22 41 103
B 22 22 28 103
B 5 22 26 28
B 47 22 53 103
B 5 97 11 116
B 10 35 16 91
B -3 -1 66 16
B -3 110 66 126
B -3 -1 66 16
B -3 110 66 126
B 47 22 53 103
B 10 35 16 91
B 35 22 41 103
L 11
B 37 62 39 64
B 37 37 39 39
B 12 49 14 51
B 24 49 26 51
B 12 74 14 76
L 31
B 37 74 39 76
L 60
L 31
B 37 62 39 64
L 60
L 31
B 37 99 39 101
L 60
L 31
B 37 87 39 89
L 60
L 31
B 37 49 39 51
L 60
L 31
B 37 37 39 39
L 60
L 31
B 37 24 39 26
L 60
L 31
B 12 37 14 39
L 60
L 31
B 12 49 14 51
L 60
L 31
B 12 62 14 64
L 60
L 31
B 12 74 14 76
L 60
L 31
B 12 87 14 89
L 60
L 31
B 49 62 51 64
L 60
L 31
B 49 74 51 76
L 60
L 31
B 49 87 51 89
L 60
L 31
B 49 99 51 101
L 60
L 31
B 49 24 51 26
L 60
L 31
B 49 37 51 39
L 60
L 31
B 49 49 51 51
L 60
