; structure creation     : 64639/60534/53450 (0:45076:13569)
; structure modification : 64639/60534/53450 (0:45076:13569)
; structure name : buf_x2
L 1
B -3 63 53 133
L 2
B -3 -3 53 53
L 8
B 2 102 13 121
B 3 100 13 123
B 2 21 43 34
B 17 4 43 34
L 9
B 2 66 46 87
B 17 66 46 122
L 4
B 35 97 41 103
B 35 85 41 91
B 35 72 41 78
B 5 102 11 108
B 5 115 11 121
B 5 72 11 78
B 20 110 26 116
B 20 10 26 16
B 35 22 41 28
B 5 25 11 31
B 4 104 11 119
B 19 68 26 120
B 22 68 38 120
B 22 6 38 32
B 19 6 26 32
B 34 6 41 32
B 7 23 23 32
B 7 68 23 85
B 4 68 11 85
B 4 23 11 32
B 36 68 44 120
B 36 68 44 120
B 4 23 11 32
B 4 68 11 85
B 7 68 23 85
B 7 23 23 32
B 34 6 41 32
B 19 6 26 32
B 22 6 38 32
B 22 68 38 120
B 19 68 26 120
B 4 104 11 119
L 7
B 14 59 21 66
B 17 34 24 41
B 4 47 11 54
B 14 34 21 41
B 14 59 21 66
B 29 34 31 66
B 29 65 31 123
B 29 3 31 35
B 14 20 16 35
B 14 65 16 88
B 7 48 31 52
B 7 48 31 52
B 14 65 16 88
B 14 20 16 35
B 29 3 31 35
B 29 65 31 123
B 29 34 31 66
B 14 59 21 66
B 14 34 21 41
L 6
B 33 95 43 105
B 33 83 43 93
B 33 70 43 80
B 3 70 13 80
B 18 108 28 118
B 17 66 28 122
B 20 66 40 122
B 5 66 25 87
B 2 66 13 87
B 34 66 46 122
B 34 66 46 122
B 2 66 13 87
B 5 66 25 87
B 20 66 40 122
B 17 66 28 122
L 5
B 18 8 28 18
B 33 20 43 30
B 3 23 13 33
B 20 4 40 34
B 17 4 28 34
B 32 4 43 34
B 5 21 25 34
B 2 21 13 34
B 2 21 13 34
B 5 21 25 34
B 32 4 43 34
B 17 4 28 34
B 20 4 40 34
L 3
B -1 -1 51 51
B -1 65 51 131
B -1 65 51 131
B -1 -1 51 51
L 10
B 37 99 39 101
B 37 87 39 89
B 37 74 39 76
B 7 104 9 106
B 7 117 9 119
B 7 74 9 76
B 22 112 24 114
B 22 12 24 14
B 37 24 39 26
B 7 27 9 29
L 12
B 15 60 21 66
B 35 97 41 103
B 35 85 41 91
B 35 72 41 78
B 17 35 23 41
B 5 47 11 53
B 5 102 11 108
B 5 115 11 121
B 5 72 11 78
B 20 110 26 116
B 20 10 26 16
B 35 22 41 28
B 5 25 11 31
B 2 25 8 78
L 60
B 35 22 41 103
B 22 22 28 103
L 12
B 22 22 28 103
B 17 35 28 41
B 5 102 11 121
B 17 60 28 66
B 35 22 41 103
L 60
B -3 110 53 126
B -3 -1 53 16
L 12
B -3 -1 53 16
B -3 110 53 126
B 35 22 41 103
B 17 60 28 66
B 5 102 11 121
B 17 35 28 41
B 22 22 28 103
B 22 22 28 103
B 35 22 41 103
B 2 25 8 78
L 11
B 17 62 19 64
B 19 37 21 39
B 7 49 9 51
L 31
B 24 24 26 26
L 60
L 31
B 24 37 26 39
L 60
L 31
B 37 24 39 26
L 60
L 31
B 37 62 39 64
L 60
L 31
B 37 37 39 39
L 60
L 31
B 37 99 39 101
L 60
L 31
B 37 87 39 89
L 60
L 31
B 37 74 39 76
L 60
L 31
B 37 49 39 51
L 60
L 31
B 24 99 26 101
L 60
L 31
B 24 87 26 89
L 60
L 31
B 24 74 26 76
L 60
L 31
B 24 62 26 64
L 60
L 31
B 24 49 26 51
L 60
