; structure creation     : 64639/60534/53450 (0:45076:13569)
; structure modification : 64639/60534/53450 (0:45076:13569)
; structure name : inv_x2
L 1
B -3 63 41 133
L 2
B -3 -3 41 53
L 8
B 2 6 16 47
B 2 16 31 47
B 19 109 34 121
L 9
B 2 66 16 119
B 23 3 33 13
B 2 66 33 109
L 4
B 25 5 31 11
B 22 35 28 41
B 22 72 28 78
B 22 97 28 103
B 7 110 13 116
B 22 85 28 91
B 7 10 13 16
B 22 22 28 28
B 22 112 28 118
B 4 68 14 117
B 4 8 14 45
B 21 18 29 45
B 10 18 26 45
B 10 68 26 107
B 24 68 31 107
B 21 111 32 119
B 21 111 32 119
B 24 68 31 107
B 10 68 26 107
B 10 18 26 45
B 21 18 29 45
B 4 8 14 45
B 4 68 14 117
L 7
B 9 47 16 54
B 17 15 19 48
B 17 47 19 66
B 17 65 19 110
B 9 47 19 54
B 9 47 19 54
B 17 65 19 110
B 17 47 19 66
B 17 15 19 48
L 6
B 20 70 30 80
B 20 95 30 105
B 5 108 15 118
B 20 83 30 93
B 2 66 16 119
B 8 66 28 109
B 22 66 33 109
B 22 66 33 109
B 8 66 28 109
B 2 66 16 119
L 5
B 20 33 30 43
B 5 8 15 18
B 20 20 30 30
B 2 6 16 47
B 19 16 31 47
B 8 16 28 47
B 8 16 28 47
B 19 16 31 47
B 2 6 16 47
L 3
B -1 -1 39 51
B -1 65 39 131
B -1 65 39 131
B -1 -1 39 51
L 10
B 27 7 29 9
B 24 37 26 39
B 24 74 26 76
B 24 99 26 101
B 9 112 11 114
B 24 87 26 89
B 9 12 11 14
B 24 24 26 26
B 24 114 26 116
L 12
B 25 5 31 11
B 22 35 28 41
B 22 72 28 78
B 22 97 28 103
B 7 110 13 116
B 22 85 28 91
B 7 10 13 16
B 22 22 28 28
B 10 47 16 53
B 22 112 28 118
L 60
B 22 22 28 103
B 10 22 16 103
B -3 110 41 126
L 12
B 11 22 14 103
B 22 22 28 103
L 60
B -3 -1 41 16
L 12
B -3 -1 41 16
B 22 22 28 103
B 11 22 14 103
B -3 110 41 126
B 10 22 16 103
B 22 22 28 103
L 11
B 12 49 14 51
L 31
B 24 99 26 101
L 60
L 31
B 24 87 26 89
L 60
L 31
B 24 74 26 76
L 60
L 31
B 24 62 26 64
L 60
L 31
B 24 49 26 51
L 60
L 31
B 24 37 26 39
L 60
L 31
B 24 24 26 26
L 60
L 31
B 12 24 14 26
L 60
L 31
B 12 37 14 39
L 60
L 31
B 12 49 14 51
L 60
L 31
B 12 62 14 64
L 60
L 31
B 12 74 14 76
L 60
L 31
B 12 87 14 89
L 60
L 31
B 12 99 14 101
L 60
