; structure creation     : 64639/60534/53450 (0:45076:13569)
; structure modification : 64639/60534/53450 (0:45076:13569)
; structure name : mx2_x2
L 1
B -3 63 116 133
L 2
B -3 -3 116 53
L 8
B 2 4 13 34
B 44 4 58 44
B 34 112 66 123
B 33 113 68 123
B 2 4 108 22
B 72 4 108 34
L 9
B 17 79 28 119
B 82 66 108 122
B 72 79 108 122
B 2 79 108 109
L 4
B 20 10 26 16
B 5 22 11 28
B 20 110 26 116
B 5 97 11 103
B 5 85 11 91
B 47 35 53 41
B 47 85 53 91
B 47 115 53 121
B 47 97 53 103
B 85 85 91 91
B 85 97 91 103
B 100 85 106 91
B 100 97 106 103
B 100 72 106 78
B 100 22 106 28
B 85 10 91 16
B 85 110 91 116
B 85 22 91 28
B 85 72 91 78
B 35 115 41 121
B 60 115 66 121
B 4 81 11 107
B 22 81 38 107
B 52 81 68 107
B 32 81 48 107
B 19 81 26 117
B 7 81 23 107
B 44 81 56 107
B 99 6 106 32
B 87 6 103 32
B 62 81 78 107
B 74 6 91 32
B 74 81 91 120
B 22 6 38 20
B 32 6 48 20
B 7 6 23 20
B 19 6 26 20
B 4 6 11 32
B 52 6 68 20
B 62 6 78 20
B 46 6 54 42
B 44 6 56 20
B 36 114 64 121
B 49 6 56 42
B 87 68 103 120
B 99 68 106 120
B 84 68 91 85
B 84 68 91 85
B 99 68 106 120
B 87 68 103 120
B 49 6 56 42
B 36 114 64 121
B 44 6 56 20
B 46 6 54 42
B 62 6 78 20
B 52 6 68 20
B 4 6 11 32
B 19 6 26 20
B 7 6 23 20
B 32 6 48 20
B 22 6 38 20
B 74 81 91 120
B 74 6 91 32
B 62 81 78 107
B 87 6 103 32
B 99 6 106 32
B 44 81 56 107
B 7 81 23 107
B 19 81 26 117
B 32 81 48 107
B 52 81 68 107
B 22 81 38 107
B 4 81 11 107
L 7
B 72 34 79 41
B 22 34 29 41
B 22 72 29 79
B 72 72 79 79
B 59 64 66 71
B 47 57 54 64
B 34 47 41 54
B 37 22 44 29
B 34 72 41 79
B 47 54 54 61
B 14 49 61 51
B 29 78 31 110
B 59 78 61 110
B 39 78 41 110
B 14 78 16 110
B 94 3 96 35
B 69 78 71 110
B 59 69 61 79
B 69 77 79 79
B 22 77 31 79
B 69 34 79 36
B 29 3 31 23
B 39 3 41 23
B 14 3 16 23
B 14 22 16 79
B 59 3 61 23
B 69 3 71 23
B 59 22 61 51
B 69 22 71 36
B 24 34 31 36
B 29 22 31 36
B 94 34 96 66
B 94 65 96 123
B 49 54 96 56
B 49 54 96 56
B 94 65 96 123
B 94 34 96 66
B 29 22 31 36
B 24 34 31 36
B 69 22 71 36
B 59 22 61 51
B 69 3 71 23
B 59 3 61 23
B 14 22 16 79
B 14 3 16 23
B 39 3 41 23
B 29 3 31 23
B 69 34 79 36
B 22 77 31 79
B 69 77 79 79
B 59 69 61 79
B 69 78 71 110
B 94 3 96 35
B 14 78 16 110
B 39 78 41 110
B 59 78 61 110
B 29 78 31 110
B 14 49 61 51
B 47 54 54 61
L 6
B 18 108 28 118
B 3 95 13 105
B 3 83 13 93
B 45 83 55 93
B 45 95 55 105
B 83 83 93 93
B 83 95 93 105
B 98 83 108 93
B 98 95 108 105
B 98 70 108 80
B 83 108 93 118
B 83 70 93 80
B 2 79 13 109
B 20 79 40 109
B 50 79 70 109
B 30 79 50 109
B 17 79 28 119
B 5 79 25 109
B 42 79 58 109
B 60 79 80 109
B 72 79 93 122
B 85 66 105 122
B 97 66 108 122
B 82 66 93 87
B 82 66 93 87
B 97 66 108 122
B 85 66 105 122
B 72 79 93 122
B 60 79 80 109
B 42 79 58 109
B 5 79 25 109
B 17 79 28 119
B 30 79 50 109
B 50 79 70 109
B 20 79 40 109
B 2 79 13 109
L 5
B 18 8 28 18
B 3 20 13 30
B 45 33 55 43
B 98 20 108 30
B 83 8 93 18
B 83 20 93 30
B 97 4 108 34
B 85 4 105 34
B 72 4 93 34
B 20 4 40 22
B 30 4 50 22
B 5 4 25 22
B 17 4 28 22
B 2 4 13 34
B 50 4 70 22
B 60 4 80 22
B 44 4 56 44
B 42 4 58 22
B 47 4 58 44
B 47 4 58 44
B 42 4 58 22
B 44 4 56 44
B 60 4 80 22
B 50 4 70 22
B 2 4 13 34
B 17 4 28 22
B 5 4 25 22
B 30 4 50 22
B 20 4 40 22
B 72 4 93 34
B 85 4 105 34
B 97 4 108 34
L 3
B -1 65 114 131
B -1 -1 114 51
B -1 -1 114 51
B -1 65 114 131
L 10
B 22 12 24 14
B 7 24 9 26
B 22 112 24 114
B 7 99 9 101
B 7 87 9 89
B 49 37 51 39
B 49 87 51 89
B 49 117 51 119
B 49 99 51 101
B 87 87 89 89
B 87 99 89 101
B 102 87 104 89
B 102 99 104 101
B 102 74 104 76
B 102 24 104 26
B 87 12 89 14
B 87 112 89 114
B 87 24 89 26
B 87 74 89 76
B 37 117 39 119
B 62 117 64 119
L 12
B 72 35 78 41
B 20 10 26 16
B 5 22 11 28
B 20 110 26 116
B 22 35 28 41
B 5 97 11 103
B 5 85 11 91
B 22 72 28 78
B 72 72 78 78
B 47 35 53 41
B 47 85 53 91
B 47 115 53 121
B 47 97 53 103
B 85 85 91 91
B 85 97 91 103
B 100 85 106 91
B 100 97 106 103
B 100 72 106 78
B 100 22 106 28
B 85 10 91 16
B 85 110 91 116
B 85 22 91 28
B 85 72 91 78
B 60 65 66 71
B 47 57 53 63
B 35 47 41 53
B 37 22 43 28
B 35 115 41 121
B 60 115 66 121
B 35 72 41 78
B 97 22 103 103
B 85 10 91 28
L 60
B 72 22 78 103
B 22 35 28 103
B 97 22 103 103
B 35 35 41 103
L 12
B 5 22 66 28
B 22 35 28 103
L 60
B -3 110 116 126
B -3 -1 116 16
L 12
B 5 22 11 103
B 47 35 53 103
B 85 72 91 116
B 60 22 66 71
B 35 35 41 103
B 72 22 78 103
B 72 22 78 103
B 35 35 41 103
B 60 22 66 71
B 85 72 91 116
B 47 35 53 103
B 5 22 11 103
B -3 -1 116 16
B -3 110 116 126
B 22 35 28 103
B 5 22 66 28
B 35 35 41 103
B 97 22 103 103
B 22 35 28 103
B 72 22 78 103
B 85 10 91 28
B 97 22 103 103
L 11
B 74 37 76 39
B 24 37 26 39
B 24 74 26 76
B 74 74 76 76
B 62 67 64 69
B 49 59 51 61
B 37 49 39 51
B 39 24 41 26
B 37 74 39 76
L 31
B 74 99 76 101
L 60
L 31
B 74 87 76 89
L 60
L 31
B 74 74 76 76
L 60
L 31
B 74 62 76 64
L 60
L 31
B 74 49 76 51
L 60
L 31
B 74 37 76 39
L 60
L 31
B 74 24 76 26
L 60
L 31
B 24 99 26 101
L 60
L 31
B 24 87 26 89
L 60
L 31
B 24 74 26 76
L 60
L 31
B 24 62 26 64
L 60
L 31
B 24 49 26 51
L 60
L 31
B 24 37 26 39
L 60
L 31
B 99 24 101 26
L 60
L 31
B 99 74 101 76
L 60
L 31
B 99 49 101 51
L 60
L 31
B 99 37 101 39
L 60
L 31
B 99 99 101 101
L 60
L 31
B 99 87 101 89
L 60
L 31
B 99 62 101 64
L 60
L 31
B 37 99 39 101
L 60
L 31
B 37 87 39 89
L 60
L 31
B 37 74 39 76
L 60
L 31
B 37 62 39 64
L 60
L 31
B 37 49 39 51
L 60
L 31
B 37 37 39 39
L 60
