; structure creation     : 64639/60534/53450 (0:45076:13569)
; structure modification : 64639/60534/53450 (0:45076:13569)
; structure name : nao22_x1
L 1
B -3 63 78 133
L 2
B -3 -3 78 53
L 8
B 17 4 28 44
B 2 4 58 34
B 62 67 73 86
B 62 104 73 124
L 9
B 62 2 73 21
B 62 29 73 49
B 2 66 58 122
L 4
B 5 22 11 28
B 35 22 41 28
B 50 10 56 16
B 5 110 11 116
B 20 35 26 41
B 35 85 41 91
B 35 97 41 103
B 35 72 41 78
B 50 110 56 116
B 65 40 71 46
B 65 70 71 76
B 65 115 71 121
B 65 5 71 11
B 49 6 56 32
B 37 6 53 32
B 34 6 41 32
B 22 6 38 32
B 4 6 11 32
B 7 6 23 32
B 22 68 38 120
B 19 68 26 120
B 7 68 23 120
B 4 68 11 120
B 34 68 41 120
B 37 68 53 120
B 49 68 56 120
B 19 6 26 42
B 64 106 71 122
B 64 69 71 84
B 64 31 71 47
B 64 4 71 19
B 64 4 71 19
B 64 31 71 47
B 64 69 71 84
B 64 106 71 122
B 19 6 26 42
B 49 68 56 120
B 37 68 53 120
B 34 68 41 120
B 4 68 11 120
B 7 68 23 120
B 19 68 26 120
B 22 68 38 120
B 7 6 23 32
B 4 6 11 32
B 22 6 38 32
B 34 6 41 32
B 37 6 53 32
B 49 6 56 32
L 7
B 22 47 29 54
B 47 47 54 54
B 9 59 16 66
B 7 59 16 66
B 24 47 31 54
B 44 47 51 54
B 44 3 46 35
B 29 3 31 35
B 14 3 16 35
B 29 65 31 123
B 14 65 16 123
B 44 65 46 123
B 29 34 31 66
B 44 34 46 66
B 7 37 9 66
B 7 37 16 39
B 14 34 16 39
B 14 34 16 39
B 7 37 16 39
B 7 37 9 66
B 44 34 46 66
B 29 34 31 66
B 44 65 46 123
B 14 65 16 123
B 29 65 31 123
B 14 3 16 35
B 29 3 31 35
B 44 3 46 35
B 44 47 51 54
B 24 47 31 54
B 7 59 16 66
L 6
B 3 108 13 118
B 33 83 43 93
B 33 95 43 105
B 33 70 43 80
B 48 108 58 118
B 20 66 40 122
B 17 66 28 122
B 5 66 25 122
B 2 66 13 122
B 32 66 43 122
B 35 66 55 122
B 47 66 58 122
B 47 66 58 122
B 35 66 55 122
B 32 66 43 122
B 2 66 13 122
B 5 66 25 122
B 17 66 28 122
B 20 66 40 122
L 5
B 3 20 13 30
B 33 20 43 30
B 48 8 58 18
B 18 33 28 43
B 47 4 58 34
B 35 4 55 34
B 32 4 43 34
B 20 4 40 34
B 2 4 13 34
B 5 4 25 34
B 17 4 28 44
B 17 4 28 44
B 5 4 25 34
B 2 4 13 34
B 20 4 40 34
B 32 4 43 34
B 35 4 55 34
B 47 4 58 34
L 3
B -1 65 76 131
B -1 -1 76 51
B -1 -1 76 51
B -1 65 76 131
L 10
B 7 24 9 26
B 37 24 39 26
B 52 12 54 14
B 7 112 9 114
B 22 37 24 39
B 37 87 39 89
B 37 99 39 101
B 37 74 39 76
B 52 112 54 114
B 67 42 69 44
B 67 72 69 74
B 67 117 69 119
B 67 7 69 9
L 12
B 22 47 28 53
B 47 47 53 53
B 5 22 11 28
B 35 22 41 28
B 50 10 56 16
B 5 110 11 116
B 20 35 26 41
B 35 85 41 91
B 35 97 41 103
B 35 72 41 78
B 50 110 56 116
B 65 40 71 46
B 65 70 71 76
B 65 115 71 121
B 65 5 71 11
B 10 60 16 66
L 60
B 35 37 41 103
L 12
B 35 35 41 103
B 20 35 41 41
B 22 47 28 103
B 10 47 16 103
B 5 22 41 28
L 60
B -3 -1 78 16
B -3 110 78 126
L 12
B 65 70 71 116
B 65 10 71 46
B 47 22 53 103
L 60
B 47 22 53 103
B 22 47 28 103
B 10 47 16 103
L 12
B 10 47 16 103
B 22 47 28 103
B 47 22 53 103
B 47 22 53 103
B 65 10 71 46
B 65 70 71 116
B -3 110 78 126
B -3 -1 78 16
B 5 22 41 28
B 10 47 16 103
B 22 47 28 103
B 20 35 41 41
B 35 35 41 103
B 35 37 41 103
L 11
B 24 49 26 51
B 49 49 51 51
B 12 62 14 64
L 31
B 37 87 39 89
L 60
L 31
B 37 74 39 76
L 60
L 31
B 37 62 39 64
L 60
L 31
B 37 49 39 51
L 60
L 31
B 37 37 39 39
L 60
L 31
B 49 87 51 89
L 60
L 31
B 49 74 51 76
L 60
L 31
B 49 62 51 64
L 60
L 31
B 49 49 51 51
L 60
L 31
B 49 37 51 39
L 60
L 31
B 24 49 26 51
L 60
L 31
B 24 62 26 64
L 60
L 31
B 24 74 26 76
L 60
L 31
B 12 74 14 76
L 60
L 31
B 12 99 14 101
L 60
L 31
B 12 87 14 89
L 60
L 31
B 24 87 26 89
L 60
L 31
B 24 99 26 101
L 60
L 31
B 37 99 39 101
L 60
L 31
B 49 99 51 101
L 60
L 31
B 49 24 51 26
L 60
L 31
B 12 62 14 64
L 60
L 31
B 12 49 14 51
L 60
