; structure creation     : 64639/60534/53450 (0:45076:13569)
; structure modification : 64639/60534/53450 (0:45076:13569)
; structure name : noa2a22_x1
L 1
B -3 63 91 133
L 2
B -3 -3 91 53
L 8
B 2 4 73 34
B 74 69 86 86
B 75 68 85 86
L 9
B 2 66 71 122
B 2 89 73 122
L 4
B 35 22 41 28
B 20 85 26 91
B 50 110 56 116
B 65 97 71 103
B 35 97 41 103
B 5 97 11 103
B 65 10 71 16
B 5 10 11 16
B 35 22 41 28
B 77 70 83 76
B 52 68 68 120
B 49 68 56 120
B 37 68 53 120
B 34 68 41 120
B 4 68 11 120
B 7 68 23 120
B 19 68 26 120
B 22 68 38 120
B 7 6 23 32
B 4 6 11 32
B 19 6 26 32
B 22 6 38 32
B 34 6 41 32
B 37 6 53 32
B 49 6 56 32
B 52 6 68 32
B 64 6 71 32
B 64 91 71 120
B 61 68 69 95
B 76 71 84 84
B 76 71 84 84
B 61 68 69 95
B 64 91 71 120
B 64 6 71 32
B 52 6 68 32
B 49 6 56 32
B 37 6 53 32
B 34 6 41 32
B 22 6 38 32
B 19 6 26 32
B 4 6 11 32
B 7 6 23 32
B 22 68 38 120
B 19 68 26 120
B 7 68 23 120
B 4 68 11 120
B 34 68 41 120
B 37 68 53 120
B 49 68 56 120
B 52 68 68 120
L 7
B 9 59 16 66
B 59 59 66 66
B 59 34 66 41
B 9 34 16 41
B 47 47 54 54
B 22 47 29 54
B 44 34 46 66
B 29 34 31 66
B 59 65 61 123
B 44 65 46 123
B 14 65 16 123
B 29 65 31 123
B 14 3 16 35
B 29 3 31 35
B 44 3 46 35
B 59 3 61 35
B 44 47 51 54
B 24 47 31 54
B 24 47 31 54
B 44 47 51 54
B 59 3 61 35
B 44 3 46 35
B 29 3 31 35
B 14 3 16 35
B 29 65 31 123
B 14 65 16 123
B 44 65 46 123
B 59 65 61 123
B 29 34 31 66
B 44 34 46 66
L 6
B 18 83 28 93
B 48 108 58 118
B 63 95 73 105
B 33 95 43 105
B 3 95 13 105
B 50 66 70 122
B 47 66 58 122
B 35 66 55 122
B 32 66 43 122
B 2 66 13 122
B 5 66 25 122
B 17 66 28 122
B 20 66 40 122
B 62 89 73 122
B 59 66 71 97
B 59 66 71 97
B 62 89 73 122
B 20 66 40 122
B 17 66 28 122
B 5 66 25 122
B 2 66 13 122
B 32 66 43 122
B 35 66 55 122
B 47 66 58 122
B 50 66 70 122
L 5
B 33 20 43 30
B 63 8 73 18
B 3 8 13 18
B 33 20 43 30
B 5 4 25 34
B 2 4 13 34
B 17 4 28 34
B 20 4 40 34
B 32 4 43 34
B 35 4 55 34
B 47 4 58 34
B 50 4 70 34
B 62 4 73 34
B 62 4 73 34
B 50 4 70 34
B 47 4 58 34
B 35 4 55 34
B 32 4 43 34
B 20 4 40 34
B 17 4 28 34
B 2 4 13 34
B 5 4 25 34
L 3
B -1 -1 89 51
B -1 65 89 131
B -1 65 89 131
B -1 -1 89 51
L 10
B 37 24 39 26
B 22 87 24 89
B 52 112 54 114
B 67 99 69 101
B 37 99 39 101
B 7 99 9 101
B 67 12 69 14
B 7 12 9 14
B 37 24 39 26
B 79 72 81 74
L 12
B 10 60 16 66
B 60 60 66 66
B 60 35 66 41
B 10 35 16 41
B 35 22 41 28
B 20 85 26 91
B 50 110 56 116
B 65 97 71 103
B 35 97 41 103
B 5 97 11 103
B 47 47 53 53
B 22 47 28 53
B 65 10 71 16
B 5 10 11 16
B 35 22 41 28
B 77 70 83 76
B 20 85 41 91
B 35 22 41 91
B 10 22 16 78
B 22 22 28 78
B 60 22 66 91
B 47 22 53 91
B 5 97 71 103
L 60
B -3 -1 91 16
B -3 110 91 126
L 12
B 77 70 83 116
L 60
B 10 22 16 78
B 22 22 28 78
B 47 22 53 91
B 60 22 66 91
B 35 22 41 91
L 12
B 35 22 41 91
B 60 22 66 91
B 47 22 53 91
B 22 22 28 78
B 10 22 16 78
B 77 70 83 116
B -3 110 91 126
B -3 -1 91 16
B 5 97 71 103
B 47 22 53 91
B 60 22 66 91
B 22 22 28 78
B 10 22 16 78
B 35 22 41 91
B 20 85 41 91
L 11
B 12 62 14 64
B 62 62 64 64
B 62 37 64 39
B 12 37 14 39
B 49 49 51 51
B 24 49 26 51
L 31
B 12 49 14 51
L 60
L 31
B 62 49 64 51
L 60
L 31
B 12 24 14 26
L 60
L 31
B 12 37 14 39
L 60
L 31
B 12 74 14 76
L 60
L 31
B 24 74 26 76
L 60
L 31
B 24 62 26 64
L 60
L 31
B 24 49 26 51
L 60
L 31
B 24 37 26 39
L 60
L 31
B 24 24 26 26
L 60
L 31
B 49 24 51 26
L 60
L 31
B 49 37 51 39
L 60
L 31
B 49 49 51 51
L 60
L 31
B 49 62 51 64
L 60
L 31
B 49 74 51 76
L 60
L 31
B 49 87 51 89
L 60
L 31
B 62 87 64 89
L 60
L 31
B 62 74 64 76
L 60
L 31
B 62 37 64 39
L 60
L 31
B 62 24 64 26
L 60
L 31
B 37 24 39 26
L 60
L 31
B 37 37 39 39
L 60
L 31
B 37 49 39 51
L 60
L 31
B 37 62 39 64
L 60
L 31
B 37 74 39 76
L 60
L 31
B 37 87 39 89
L 60
