; structure creation     : 64639/60534/53450 (0:45076:13569)
; structure modification : 64639/60534/53450 (0:45076:13569)
; structure name : na2_x1
L 1
B -3 63 53 133
L 2
B -3 -3 53 53
L 8
B 4 6 16 47
B 4 16 41 47
B 20 110 30 120
L 9
B 4 79 16 119
B 26 3 46 13
B 27 2 46 13
B 34 79 46 119
B 4 79 46 109
L 4
B 22 112 28 118
B 37 110 43 116
B 7 110 13 116
B 22 97 28 103
B 22 85 28 91
B 7 10 13 16
B 32 22 38 28
B 28 5 34 11
B 29 4 44 11
B 36 81 44 117
B 6 81 14 117
B 10 81 26 107
B 21 81 29 107
B 25 81 41 107
B 10 18 26 45
B 20 18 36 45
B 31 18 39 45
B 6 8 14 45
B 6 8 14 45
B 31 18 39 45
B 20 18 36 45
B 10 18 26 45
B 25 81 41 107
B 21 81 29 107
B 10 81 26 107
B 6 81 14 117
B 36 81 44 117
B 29 4 44 11
L 7
B 9 72 16 79
B 34 47 41 54
B 9 72 19 79
B 17 78 19 110
B 32 78 34 110
B 32 47 41 54
B 32 47 34 79
B 17 15 19 48
B 27 15 29 48
B 17 47 19 79
B 27 47 41 49
B 27 47 41 49
B 17 47 19 79
B 27 15 29 48
B 17 15 19 48
B 32 47 34 79
B 32 47 41 54
B 32 78 34 110
B 17 78 19 110
B 9 72 19 79
L 6
B 35 108 45 118
B 5 108 15 118
B 20 95 30 105
B 20 83 30 93
B 34 79 46 119
B 4 79 16 119
B 8 79 28 109
B 19 79 31 109
B 23 79 43 109
B 23 79 43 109
B 19 79 31 109
B 8 79 28 109
B 4 79 16 119
B 34 79 46 119
L 5
B 5 8 15 18
B 30 20 40 30
B 8 16 28 47
B 18 16 38 47
B 29 16 41 47
B 4 6 16 47
B 4 6 16 47
B 29 16 41 47
B 18 16 38 47
B 8 16 28 47
L 3
B -1 -1 51 51
B -1 65 51 131
B -1 65 51 131
B -1 -1 51 51
L 10
B 24 114 26 116
B 39 112 41 114
B 9 112 11 114
B 24 99 26 101
B 24 87 26 89
B 9 12 11 14
B 34 24 36 26
B 30 7 32 9
L 12
B 22 112 28 118
B 10 72 16 78
B 37 110 43 116
B 7 110 13 116
B 22 97 28 103
B 22 85 28 91
B 35 47 41 53
B 7 10 13 16
B 32 22 38 28
B 28 5 34 11
L 60
B 22 22 28 103
B 35 35 41 103
B 10 22 16 103
L 12
B 35 35 41 103
B 10 22 16 103
L 60
B -3 110 53 126
B -3 -1 53 16
L 12
B 22 22 38 28
B 22 22 28 103
B 22 22 28 103
B 22 22 38 28
B -3 -1 53 16
B -3 110 53 126
B 10 22 16 103
B 35 35 41 103
B 10 22 16 103
B 35 35 41 103
B 22 22 28 103
L 11
B 12 74 14 76
B 37 49 39 51
L 31
B 24 24 26 26
L 60
L 31
B 24 37 26 39
L 60
L 31
B 24 49 26 51
L 60
L 31
B 24 62 26 64
L 60
L 31
B 24 74 26 76
L 60
L 31
B 24 87 26 89
L 60
L 31
B 24 99 26 101
L 60
L 31
B 37 99 39 101
L 60
L 31
B 37 87 39 89
L 60
L 31
B 37 74 39 76
L 60
L 31
B 37 62 39 64
L 60
L 31
B 37 49 39 51
L 60
L 31
B 37 37 39 39
L 60
L 31
B 12 24 14 26
L 60
L 31
B 12 37 14 39
L 60
L 31
B 12 49 14 51
L 60
L 31
B 12 62 14 64
L 60
L 31
B 12 74 14 76
L 60
L 31
B 12 87 14 89
L 60
L 31
B 12 99 14 101
L 60
