; structure creation     : 64639/60534/53450 (0:45076:13569)
; structure modification : 64639/60534/53450 (0:45076:13569)
; structure name : no3_x1
L 1
B -3 63 66 133
L 2
B -3 -3 66 53
L 8
B 17 6 28 34
B 2 16 58 34
B 47 6 58 34
L 9
B 4 66 58 109
B 15 66 58 122
L 4
B 10 97 16 103
B 10 85 16 91
B 10 72 16 78
B 50 110 56 116
B 35 22 41 28
B 5 22 11 28
B 20 10 26 16
B 50 10 56 16
B 37 68 53 120
B 17 68 33 120
B 14 68 21 107
B 27 68 43 120
B 22 18 38 32
B 37 18 53 32
B 7 18 23 32
B 49 68 56 120
B 19 8 26 32
B 4 18 11 32
B 49 8 56 32
B 34 18 41 32
B 6 68 14 107
B 6 68 14 107
B 34 18 41 32
B 49 8 56 32
B 4 18 11 32
B 19 8 26 32
B 49 68 56 120
B 7 18 23 32
B 37 18 53 32
B 22 18 38 32
B 27 68 43 120
B 14 68 21 107
B 17 68 33 120
B 37 68 53 120
L 7
B 22 57 29 64
B 47 59 54 66
B 34 59 41 66
B 34 34 41 41
B 47 34 54 41
B 14 34 16 59
B 14 57 29 59
B 24 62 26 66
B 34 62 36 66
B 29 34 31 41
B 29 39 41 41
B 44 34 54 36
B 44 64 49 66
B 44 65 46 123
B 24 65 26 123
B 34 65 36 123
B 29 15 31 35
B 44 15 46 35
B 14 15 16 35
B 14 15 16 35
B 44 15 46 35
B 29 15 31 35
B 34 65 36 123
B 24 65 26 123
B 44 65 46 123
B 44 64 49 66
B 44 34 54 36
B 29 39 41 41
B 29 34 31 41
B 34 62 36 66
B 24 62 26 66
B 14 57 29 59
B 14 34 16 59
L 6
B 8 95 18 105
B 8 83 18 93
B 8 70 18 80
B 48 108 58 118
B 35 66 55 122
B 15 66 35 122
B 12 66 23 109
B 25 66 45 122
B 47 66 58 122
B 4 66 16 109
B 4 66 16 109
B 47 66 58 122
B 25 66 45 122
B 12 66 23 109
B 15 66 35 122
B 35 66 55 122
L 5
B 33 20 43 30
B 3 20 13 30
B 18 8 28 18
B 48 8 58 18
B 20 16 40 34
B 35 16 55 34
B 5 16 25 34
B 17 6 28 34
B 2 16 13 34
B 47 6 58 34
B 32 16 43 34
B 32 16 43 34
B 47 6 58 34
B 2 16 13 34
B 17 6 28 34
B 5 16 25 34
B 35 16 55 34
B 20 16 40 34
L 3
B -1 -1 64 51
B -1 65 64 131
B -1 65 64 131
B -1 -1 64 51
L 10
B 12 99 14 101
B 12 87 14 89
B 12 74 14 76
B 52 112 54 114
B 37 24 39 26
B 7 24 9 26
B 22 12 24 14
B 52 12 54 14
L 12
B 22 57 28 63
B 47 60 53 66
B 35 60 41 66
B 35 35 41 41
B 47 35 53 41
B 10 97 16 103
B 10 85 16 91
B 10 72 16 78
B 50 110 56 116
B 35 22 41 28
B 5 22 11 28
B 20 10 26 16
B 50 10 56 16
B 10 22 16 103
B 5 22 41 28
B 36 35 39 103
B 23 35 27 103
L 60
B -3 110 66 126
B -3 -1 66 16
L 12
B 48 22 52 103
B 5 22 16 28
L 60
B 10 22 16 103
B 47 22 53 103
B 35 35 41 103
B 22 35 28 103
L 12
B 22 35 28 103
B 35 35 41 103
B 47 22 53 103
B 10 22 16 103
B 5 22 16 28
B 48 22 52 103
B -3 -1 66 16
B -3 110 66 126
B 23 35 27 103
B 36 35 39 103
B 5 22 41 28
B 10 22 16 103
L 11
B 24 59 26 61
B 49 62 51 64
B 37 62 39 64
B 37 37 39 39
B 49 37 51 39
L 31
B 49 49 51 51
L 60
L 31
B 37 49 39 51
L 60
L 31
B 24 49 26 51
L 60
L 31
B 12 24 14 26
L 60
L 31
B 49 99 51 101
L 60
L 31
B 49 87 51 89
L 60
L 31
B 49 74 51 76
L 60
L 31
B 49 37 51 39
L 60
L 31
B 37 99 39 101
L 60
L 31
B 37 87 39 89
L 60
L 31
B 37 74 39 76
L 60
L 31
B 37 37 39 39
L 60
L 31
B 24 37 26 39
L 60
L 31
B 24 74 26 76
L 60
L 31
B 24 87 26 89
L 60
L 31
B 24 99 26 101
L 60
L 31
B 12 37 14 39
L 60
L 31
B 12 49 14 51
L 60
L 31
B 12 62 14 64
L 60
L 31
B 12 74 14 76
L 60
L 31
B 12 87 14 89
L 60
L 31
B 12 99 14 101
L 60
L 31
B 49 24 51 26
L 60
