; structure creation     : 64639/60534/53450 (0:45076:13569)
; structure modification : 64639/60534/53450 (0:45076:13569)
; structure name : na3_x1
L 1
B -3 63 66 133
L 2
B -3 -3 66 53
L 8
B 2 16 56 34
B 2 4 45 34
L 9
B 4 79 16 119
B 34 79 46 119
B 4 79 61 109
L 4
B 5 10 11 16
B 47 22 53 28
B 52 97 58 103
B 37 110 43 116
B 7 110 13 116
B 22 97 28 103
B 39 21 46 32
B 4 6 11 32
B 7 6 23 32
B 16 6 24 32
B 17 6 33 32
B 27 6 43 32
B 38 6 43 32
B 41 18 54 32
B 51 81 59 107
B 21 81 29 107
B 25 81 41 107
B 6 81 14 117
B 36 81 44 117
B 40 81 56 107
B 10 81 26 107
B 10 81 26 107
B 40 81 56 107
B 36 81 44 117
B 6 81 14 117
B 25 81 41 107
B 21 81 29 107
B 51 81 59 107
B 41 18 54 32
B 38 6 43 32
B 27 6 43 32
B 17 6 33 32
B 16 6 24 32
B 7 6 23 32
B 4 6 11 32
B 39 21 46 32
L 7
B 34 34 41 41
B 9 72 16 79
B 9 34 16 41
B 22 72 29 79
B 34 67 41 74
B 22 34 29 41
B 37 72 49 74
B 14 3 16 35
B 24 3 26 35
B 34 3 36 35
B 32 78 34 110
B 47 78 49 110
B 17 78 19 110
B 9 72 19 79
B 27 77 34 79
B 47 72 49 79
B 47 72 49 79
B 27 77 34 79
B 9 72 19 79
B 17 78 19 110
B 47 78 49 110
B 32 78 34 110
B 34 3 36 35
B 24 3 26 35
B 14 3 16 35
B 37 72 49 74
L 6
B 50 95 60 105
B 35 108 45 118
B 5 108 15 118
B 20 95 30 105
B 49 79 61 109
B 19 79 31 109
B 23 79 43 109
B 4 79 16 119
B 34 79 46 119
B 38 79 58 109
B 8 79 28 109
B 8 79 28 109
B 38 79 58 109
B 34 79 46 119
B 4 79 16 119
B 23 79 43 109
B 19 79 31 109
B 49 79 61 109
L 5
B 3 8 13 18
B 45 20 55 30
B 37 19 48 34
B 2 4 13 34
B 5 4 25 34
B 14 4 26 34
B 15 4 35 34
B 25 4 45 34
B 36 4 45 34
B 39 16 56 34
B 39 16 56 34
B 36 4 45 34
B 25 4 45 34
B 15 4 35 34
B 14 4 26 34
B 5 4 25 34
B 2 4 13 34
B 37 19 48 34
L 3
B -1 65 64 131
B -1 -1 64 51
B -1 -1 64 51
B -1 65 64 131
L 10
B 7 12 9 14
B 49 24 51 26
B 54 99 56 101
B 39 112 41 114
B 9 112 11 114
B 24 99 26 101
L 12
B 5 10 11 16
B 35 35 41 41
B 47 22 53 28
B 52 97 58 103
B 37 110 43 116
B 7 110 13 116
B 22 97 28 103
B 10 72 16 78
B 10 35 16 41
B 22 72 28 78
B 35 67 41 73
B 22 35 28 41
B 22 97 58 103
B 47 22 53 103
L 60
B -3 -1 66 16
B -3 110 66 126
L 12
B 11 22 14 103
B 23 22 27 91
B 36 22 39 91
B 47 97 58 103
L 60
B 47 22 53 103
B 10 22 16 103
B 22 22 28 91
B 35 22 41 91
L 12
B 35 22 41 91
B 22 22 28 91
B 10 22 16 103
B 47 22 53 103
B 47 97 58 103
B 36 22 39 91
B 23 22 27 91
B 11 22 14 103
B -3 110 66 126
B -3 -1 66 16
B 47 22 53 103
B 22 97 58 103
L 11
B 37 37 39 39
B 12 74 14 76
B 12 37 14 39
B 24 74 26 76
B 37 69 39 71
B 24 37 26 39
L 31
B 49 99 51 101
L 60
L 31
B 49 87 51 89
L 60
L 31
B 49 62 51 64
L 60
L 31
B 49 74 51 76
L 60
L 31
B 49 49 51 51
L 60
L 31
B 49 37 51 39
L 60
L 31
B 49 24 51 26
L 60
L 31
B 12 99 14 101
L 60
L 31
B 12 87 14 89
L 60
L 31
B 12 74 14 76
L 60
L 31
B 12 62 14 64
L 60
L 31
B 12 49 14 51
L 60
L 31
B 12 37 14 39
L 60
L 31
B 12 24 14 26
L 60
L 31
B 24 87 26 89
L 60
L 31
B 24 74 26 76
L 60
L 31
B 24 62 26 64
L 60
L 31
B 24 49 26 51
L 60
L 31
B 24 37 26 39
L 60
L 31
B 24 24 26 26
L 60
L 31
B 37 87 39 89
L 60
L 31
B 37 74 39 76
L 60
L 31
B 37 62 39 64
L 60
L 31
B 37 49 39 51
L 60
L 31
B 37 37 39 39
L 60
L 31
B 37 24 39 26
L 60
