; structure creation     : 64639/60534/53450 (0:45076:13569)
; structure modification : 64639/60534/53450 (0:45076:13569)
; structure name : nxr2_x1
L 1
B -3 63 116 133
L 2
B -3 -3 116 53
L 8
B 2 16 106 34
B 17 4 88 34
B 92 112 111 123
L 9
B 92 2 111 13
B 2 79 106 109
B 17 66 88 122
L 4
B 65 72 71 78
B 65 85 71 91
B 97 97 103 103
B 5 97 11 103
B 97 22 103 28
B 97 85 103 91
B 50 85 56 91
B 50 22 56 28
B 5 22 11 28
B 20 10 26 16
B 80 10 86 16
B 20 110 26 116
B 35 97 41 103
B 65 97 71 103
B 5 85 11 91
B 80 110 86 116
B 95 115 101 121
B 95 5 101 11
B 96 18 104 32
B 96 81 104 107
B 7 18 23 32
B 82 18 98 32
B 4 18 11 32
B 67 6 83 32
B 64 6 71 32
B 52 6 68 32
B 49 6 56 32
B 37 6 53 32
B 34 6 41 32
B 19 6 26 32
B 22 6 38 32
B 79 6 86 32
B 82 81 98 107
B 79 68 86 120
B 7 81 23 107
B 4 81 11 107
B 37 68 53 120
B 34 68 41 120
B 22 68 38 120
B 19 68 26 120
B 49 68 56 120
B 52 68 68 120
B 64 68 71 120
B 67 68 83 120
B 94 114 109 121
B 94 4 109 11
B 94 4 109 11
B 94 114 109 121
B 67 68 83 120
B 64 68 71 120
B 52 68 68 120
B 49 68 56 120
B 19 68 26 120
B 22 68 38 120
B 34 68 41 120
B 37 68 53 120
B 4 81 11 107
B 7 81 23 107
B 79 68 86 120
B 82 81 98 107
B 79 6 86 32
B 22 6 38 32
B 19 6 26 32
B 34 6 41 32
B 37 6 53 32
B 49 6 56 32
B 52 6 68 32
B 64 6 71 32
B 67 6 83 32
B 4 18 11 32
B 82 18 98 32
B 7 18 23 32
B 96 81 104 107
B 96 18 104 32
L 7
B 72 47 79 54
B 97 47 104 54
B 84 59 91 66
B 84 34 91 41
B 47 59 54 66
B 47 34 54 41
B 22 59 29 66
B 22 34 29 41
B 4 47 11 54
B 97 44 104 51
B 72 44 79 51
B 74 34 91 36
B 74 49 76 66
B 44 34 54 36
B 44 64 54 66
B 89 64 91 79
B 14 15 16 35
B 89 15 91 35
B 74 3 76 35
B 59 3 61 35
B 44 3 46 35
B 29 3 31 35
B 89 78 91 110
B 14 78 16 110
B 44 65 46 123
B 29 65 31 123
B 59 65 61 123
B 74 65 76 123
B 14 64 16 79
B 14 64 31 66
B 59 34 61 66
B 14 34 31 36
B 7 49 61 51
B 74 44 101 46
B 74 44 101 46
B 7 49 61 51
B 14 34 31 36
B 59 34 61 66
B 14 64 31 66
B 14 64 16 79
B 74 65 76 123
B 59 65 61 123
B 29 65 31 123
B 44 65 46 123
B 14 78 16 110
B 89 78 91 110
B 29 3 31 35
B 44 3 46 35
B 59 3 61 35
B 74 3 76 35
B 89 15 91 35
B 14 15 16 35
B 89 64 91 79
B 44 64 54 66
B 44 34 54 36
B 74 49 76 66
B 74 34 91 36
B 72 44 79 51
B 97 44 104 51
L 6
B 63 70 73 80
B 63 83 73 93
B 95 95 105 105
B 3 95 13 105
B 95 83 105 93
B 48 83 58 93
B 18 108 28 118
B 33 95 43 105
B 63 95 73 105
B 3 83 13 93
B 78 108 88 118
B 94 79 106 109
B 80 79 100 109
B 77 66 88 122
B 5 79 25 109
B 2 79 13 109
B 35 66 55 122
B 32 66 43 122
B 20 66 40 122
B 17 66 28 122
B 47 66 58 122
B 50 66 70 122
B 62 66 73 122
B 65 66 85 122
B 65 66 85 122
B 62 66 73 122
B 50 66 70 122
B 47 66 58 122
B 17 66 28 122
B 20 66 40 122
B 32 66 43 122
B 35 66 55 122
B 2 79 13 109
B 5 79 25 109
B 77 66 88 122
B 80 79 100 109
B 94 79 106 109
L 5
B 95 20 105 30
B 48 20 58 30
B 3 20 13 30
B 18 8 28 18
B 78 8 88 18
B 94 16 106 34
B 5 16 25 34
B 80 16 100 34
B 2 16 13 34
B 65 4 85 34
B 62 4 73 34
B 50 4 70 34
B 47 4 58 34
B 35 4 55 34
B 32 4 43 34
B 17 4 28 34
B 20 4 40 34
B 77 4 88 34
B 77 4 88 34
B 20 4 40 34
B 17 4 28 34
B 32 4 43 34
B 35 4 55 34
B 47 4 58 34
B 50 4 70 34
B 62 4 73 34
B 65 4 85 34
B 2 16 13 34
B 80 16 100 34
B 5 16 25 34
B 94 16 106 34
L 3
B -1 65 114 131
B -1 -1 114 51
B -1 -1 114 51
B -1 65 114 131
L 10
B 67 74 69 76
B 67 87 69 89
B 99 99 101 101
B 7 99 9 101
B 99 24 101 26
B 99 87 101 89
B 52 87 54 89
B 52 24 54 26
B 7 24 9 26
B 22 12 24 14
B 82 12 84 14
B 22 112 24 114
B 37 99 39 101
B 67 99 69 101
B 7 87 9 89
B 82 112 84 114
B 97 117 99 119
B 97 7 99 9
L 12
B 65 72 71 78
B 65 85 71 91
B 97 97 103 103
B 5 97 11 103
B 72 47 78 53
B 97 22 103 28
B 97 85 103 91
B 97 47 103 53
B 85 60 91 66
B 85 35 91 41
B 47 60 53 66
B 47 35 53 41
B 50 85 56 91
B 50 22 56 28
B 5 22 11 28
B 20 10 26 16
B 80 10 86 16
B 20 110 26 116
B 35 97 41 103
B 65 97 71 103
B 5 85 11 91
B 80 110 86 116
B 95 115 101 121
B 95 5 101 11
B 22 60 28 66
B 22 35 28 41
B 5 47 11 53
B 35 85 56 91
L 60
B 35 25 41 91
L 12
B 35 22 41 91
B 65 72 71 103
B 97 85 103 103
B 5 85 11 103
B 60 47 78 53
B 60 35 66 53
B 47 35 66 41
B 47 60 91 66
B 97 22 103 91
B 85 22 91 103
L 60
B -3 -1 116 16
B -3 110 116 126
L 12
B 22 22 28 103
B 5 22 11 91
B 35 97 71 103
L 60
B 85 22 91 103
B 22 22 28 103
L 12
B 35 22 56 28
B 35 22 56 28
B 22 22 28 103
B 85 22 91 103
B 35 97 71 103
B 5 22 11 91
B 22 22 28 103
B -3 110 116 126
B -3 -1 116 16
B 85 22 91 103
B 97 22 103 91
B 47 60 91 66
B 47 35 66 41
B 60 35 66 53
B 60 47 78 53
B 5 85 11 103
B 97 85 103 103
B 65 72 71 103
B 35 22 41 91
B 35 25 41 91
B 35 85 56 91
L 11
B 74 49 76 51
B 99 49 101 51
B 87 62 89 64
B 87 37 89 39
B 49 62 51 64
B 49 37 51 39
B 24 62 26 64
B 24 37 26 39
B 7 49 9 51
L 31
B 87 99 89 101
L 60
L 31
B 87 87 89 89
L 60
L 31
B 87 74 89 76
L 60
L 31
B 87 37 89 39
L 60
L 31
B 87 24 89 26
L 60
L 31
B 24 99 26 101
L 60
L 31
B 24 87 26 89
L 60
L 31
B 24 49 26 51
L 60
L 31
B 24 37 26 39
L 60
L 31
B 24 24 26 26
L 60
L 31
B 37 74 39 76
L 60
L 31
B 37 87 39 89
L 60
L 31
B 37 24 39 26
L 60
L 31
B 37 37 39 39
L 60
L 31
B 37 49 39 51
L 60
L 31
B 37 62 39 64
L 60
L 31
B 87 49 89 51
L 60
L 31
B 24 74 26 76
L 60
