; structure creation     : 64639/60534/53450 (0:45076:13569)
; structure modification : 64639/60534/53450 (0:45076:13569)
; structure name : one_x0
L 1
B -3 63 41 133
L 2
B -3 -3 41 53
L 8
B 5 108 30 118
B 7 107 29 118
L 9
B 9 7 18 43
B 8 8 18 41
B 8 8 18 43
B 7 9 18 41
B 9 7 18 41
B 7 9 30 18
B 8 8 30 18
B 7 9 29 18
B 9 7 29 18
B 8 8 29 18
B 2 66 31 97
L 4
B 22 72 28 78
B 22 85 28 91
B 7 85 13 91
B 7 72 13 78
B 10 10 16 16
B 10 22 16 28
B 10 35 16 41
B 22 10 28 16
B 22 110 28 116
B 7 110 13 116
B 21 68 29 95
B 10 68 26 95
B 4 68 14 95
B 9 109 27 116
B 9 11 16 39
B 11 9 27 16
B 11 9 27 16
B 9 11 16 39
B 9 109 27 116
B 4 68 14 95
B 10 68 26 95
B 21 68 29 95
L 7
B 9 59 16 66
B 17 65 19 98
B 17 59 19 66
B 12 59 19 66
B 12 59 19 66
B 17 59 19 66
B 17 65 19 98
L 6
B 20 70 30 80
B 20 83 30 93
B 5 83 15 93
B 5 70 15 80
B 19 66 31 97
B 8 66 28 97
B 2 66 16 97
B 2 66 16 97
B 8 66 28 97
B 19 66 31 97
L 3
B -1 65 39 131
B -1 -1 39 51
B -1 -1 39 51
B -1 65 39 131
L 10
B 24 74 26 76
B 24 87 26 89
B 9 87 11 89
B 9 74 11 76
B 12 12 14 14
B 12 24 14 26
B 12 37 14 39
B 24 12 26 14
B 24 112 26 114
B 9 112 11 114
L 12
B 22 72 28 78
B 22 85 28 91
B 7 85 13 91
B 7 72 13 78
B 10 60 16 66
B 10 10 16 16
B 10 22 16 28
B 10 35 16 41
B 22 10 28 16
B 22 110 28 116
B 7 110 13 116
L 60
B 22 22 28 103
L 12
B 22 22 28 103
L 60
B -3 -1 41 16
B -3 110 41 126
L 12
B 7 72 13 121
B 10 5 16 66
B 10 5 16 66
B 7 72 13 121
B -3 110 41 126
B -3 -1 41 16
B 22 22 28 103
B 22 22 28 103
L 11
B 12 62 14 64
L 31
B 24 99 26 101
L 60
L 31
B 24 87 26 89
L 60
L 31
B 24 74 26 76
L 60
L 31
B 24 62 26 64
L 60
L 31
B 24 49 26 51
L 60
L 31
B 24 37 26 39
L 60
L 31
B 24 24 26 26
L 60
