; structure creation     : 64639/60534/53450 (0:45076:13569)
; structure modification : 64639/60534/53450 (0:45076:13569)
; structure name : oa22_x2
L 1
B -3 63 78 133
L 2
B -3 -3 78 53
L 8
B 2 6 13 34
B 2 112 44 123
B 47 4 73 34
B 2 16 73 34
L 9
B 17 2 44 13
B 47 66 73 122
B 2 79 73 109
L 4
B 5 85 11 91
B 65 72 71 78
B 65 85 71 91
B 65 97 71 103
B 5 115 11 121
B 50 110 56 116
B 20 85 26 91
B 35 97 41 103
B 5 97 11 103
B 35 115 41 121
B 20 115 26 121
B 50 10 56 16
B 35 22 41 28
B 5 10 11 16
B 65 22 71 28
B 20 5 26 11
B 35 5 41 11
B 19 4 42 11
B 4 114 42 121
B 49 68 56 120
B 52 68 68 120
B 64 68 71 120
B 37 81 53 107
B 7 81 23 107
B 22 81 38 107
B 4 81 11 107
B 34 81 41 107
B 19 81 26 107
B 49 6 56 32
B 64 6 71 32
B 52 6 68 32
B 4 8 11 32
B 37 18 53 32
B 7 18 23 32
B 19 18 26 32
B 22 18 38 32
B 34 18 41 32
B 34 18 41 32
B 22 18 38 32
B 19 18 26 32
B 7 18 23 32
B 37 18 53 32
B 4 8 11 32
B 52 6 68 32
B 64 6 71 32
B 49 6 56 32
B 19 81 26 107
B 34 81 41 107
B 4 81 11 107
B 22 81 38 107
B 7 81 23 107
B 37 81 53 107
B 64 68 71 120
B 52 68 68 120
B 49 68 56 120
B 4 114 42 121
B 19 4 42 11
L 7
B 9 72 16 79
B 9 34 16 41
B 34 47 41 54
B 22 72 29 79
B 22 34 29 41
B 47 59 54 66
B 47 34 54 41
B 57 34 61 36
B 57 64 61 66
B 37 49 59 51
B 57 34 59 66
B 24 72 31 79
B 24 34 31 41
B 44 59 46 79
B 44 34 51 41
B 44 59 51 66
B 59 65 61 123
B 44 78 46 110
B 14 78 16 110
B 29 78 31 110
B 59 3 61 35
B 44 15 46 35
B 14 15 16 35
B 29 15 31 35
B 29 15 31 35
B 14 15 16 35
B 44 15 46 35
B 59 3 61 35
B 29 78 31 110
B 14 78 16 110
B 44 78 46 110
B 59 65 61 123
B 44 59 51 66
B 44 34 51 41
B 44 59 46 79
B 24 34 31 41
B 24 72 31 79
B 57 34 59 66
B 37 49 59 51
B 57 64 61 66
B 57 34 61 36
L 6
B 3 83 13 93
B 63 70 73 80
B 63 83 73 93
B 63 95 73 105
B 48 108 58 118
B 18 83 28 93
B 33 95 43 105
B 3 95 13 105
B 47 66 58 122
B 50 66 70 122
B 62 66 73 122
B 35 79 55 109
B 5 79 25 109
B 20 79 40 109
B 2 79 13 109
B 32 79 43 109
B 17 79 28 109
B 17 79 28 109
B 32 79 43 109
B 2 79 13 109
B 20 79 40 109
B 5 79 25 109
B 35 79 55 109
B 62 66 73 122
B 50 66 70 122
B 47 66 58 122
L 5
B 48 8 58 18
B 33 20 43 30
B 3 8 13 18
B 63 20 73 30
B 47 4 58 34
B 62 4 73 34
B 50 4 70 34
B 2 6 13 34
B 35 16 55 34
B 5 16 25 34
B 17 16 28 34
B 20 16 40 34
B 32 16 43 34
B 32 16 43 34
B 20 16 40 34
B 17 16 28 34
B 5 16 25 34
B 35 16 55 34
B 2 6 13 34
B 50 4 70 34
B 62 4 73 34
B 47 4 58 34
L 3
B -1 -1 76 51
B -1 65 76 131
B -1 65 76 131
B -1 -1 76 51
L 10
B 7 87 9 89
B 67 74 69 76
B 67 87 69 89
B 67 99 69 101
B 7 117 9 119
B 52 112 54 114
B 22 87 24 89
B 37 99 39 101
B 7 99 9 101
B 37 117 39 119
B 22 117 24 119
B 52 12 54 14
B 37 24 39 26
B 7 12 9 14
B 67 24 69 26
B 22 7 24 9
B 37 7 39 9
L 12
B 10 72 16 78
B 10 35 16 41
B 5 85 11 91
B 35 47 41 53
B 22 72 28 78
B 22 35 28 41
B 47 60 53 66
B 47 35 53 41
B 65 72 71 78
B 65 85 71 91
B 65 97 71 103
B 5 115 11 121
B 50 110 56 116
B 20 85 26 91
B 35 97 41 103
B 5 97 11 103
B 35 115 41 121
B 20 115 26 121
B 50 10 56 16
B 35 22 41 28
B 5 10 11 16
B 65 22 71 28
B 20 5 26 11
B 35 5 41 11
B 5 85 11 103
B 60 22 71 28
B 60 72 71 78
B 60 85 71 91
B 60 97 71 103
L 60
B -3 110 78 126
L 12
B 20 85 41 91
L 60
B -3 -1 78 16
L 12
B 5 97 41 103
B 35 22 41 91
B 10 22 16 78
B 47 22 53 103
B 22 22 28 78
L 60
B 10 22 16 78
B 22 22 28 78
B 47 22 53 103
B 60 25 66 103
L 12
B 60 22 66 103
B 60 22 66 103
B 60 25 66 103
B 47 22 53 103
B 22 22 28 78
B 10 22 16 78
B 22 22 28 78
B 47 22 53 103
B 10 22 16 78
B 35 22 41 91
B 5 97 41 103
B -3 -1 78 16
B 20 85 41 91
B -3 110 78 126
B 60 97 71 103
B 60 85 71 91
B 60 72 71 78
B 60 22 71 28
B 5 85 11 103
L 11
B 12 74 14 76
B 12 37 14 39
B 37 49 39 51
B 24 74 26 76
B 24 37 26 39
B 49 62 51 64
B 49 37 51 39
L 31
B 62 49 64 51
L 60
L 31
B 49 87 51 89
L 60
L 31
B 12 24 14 26
L 60
L 31
B 12 37 14 39
L 60
L 31
B 12 49 14 51
L 60
L 31
B 12 62 14 64
L 60
L 31
B 12 74 14 76
L 60
L 31
B 24 74 26 76
L 60
L 31
B 24 62 26 64
L 60
L 31
B 24 49 26 51
L 60
L 31
B 24 37 26 39
L 60
L 31
B 24 24 26 26
L 60
L 31
B 49 99 51 101
L 60
L 31
B 49 74 51 76
L 60
L 31
B 49 49 51 51
L 60
L 31
B 49 37 51 39
L 60
L 31
B 49 24 51 26
L 60
L 31
B 62 24 64 26
L 60
L 31
B 62 37 64 39
L 60
L 31
B 62 74 64 76
L 60
L 31
B 62 87 64 89
L 60
L 31
B 62 99 64 101
L 60
