; structure creation     : 64639/60534/53450 (0:45076:13569)
; structure modification : 64639/60534/53450 (0:45076:13569)
; structure name : oa2a22_x2
L 1
B -3 63 116 133
L 2
B -3 -3 116 53
L 8
B 2 6 13 34
B 2 112 44 123
B 62 6 73 34
B 2 16 73 34
B 79 4 106 34
L 9
B 17 2 59 13
B 2 79 73 109
B 47 79 58 119
B 79 66 108 122
L 4
B 97 97 103 103
B 97 85 103 91
B 97 72 103 78
B 35 115 41 121
B 5 115 11 121
B 35 5 41 11
B 5 10 11 16
B 65 10 71 16
B 5 97 11 103
B 35 97 41 103
B 65 97 71 103
B 50 110 56 116
B 20 85 26 91
B 35 22 41 28
B 97 22 103 28
B 82 22 88 28
B 82 10 88 16
B 82 110 88 116
B 82 97 88 103
B 20 115 26 121
B 20 5 26 11
B 50 5 56 11
B 19 4 57 11
B 4 114 42 121
B 64 8 71 32
B 4 8 11 32
B 49 81 56 117
B 22 18 38 32
B 19 18 26 32
B 7 18 23 32
B 52 18 68 32
B 49 18 56 32
B 37 18 53 32
B 34 18 41 32
B 22 81 38 107
B 52 81 68 107
B 37 81 53 107
B 64 81 71 107
B 34 81 41 107
B 4 81 11 107
B 7 81 23 107
B 19 81 26 107
B 81 6 89 32
B 96 6 104 32
B 85 6 101 32
B 81 68 89 120
B 85 68 101 120
B 99 68 106 120
B 99 68 106 120
B 85 68 101 120
B 81 68 89 120
B 85 6 101 32
B 96 6 104 32
B 81 6 89 32
B 19 81 26 107
B 7 81 23 107
B 4 81 11 107
B 34 81 41 107
B 64 81 71 107
B 37 81 53 107
B 52 81 68 107
B 22 81 38 107
B 34 18 41 32
B 37 18 53 32
B 49 18 56 32
B 52 18 68 32
B 7 18 23 32
B 19 18 26 32
B 22 18 38 32
B 49 81 56 117
B 4 8 11 32
B 64 8 71 32
B 4 114 42 121
B 19 4 57 11
L 7
B 59 34 66 41
B 47 34 54 41
B 22 34 29 41
B 59 72 66 79
B 47 72 54 79
B 22 72 29 79
B 9 72 16 79
B 9 34 16 41
B 84 47 91 54
B 24 72 31 79
B 24 34 31 41
B 44 34 51 41
B 44 72 51 79
B 44 72 46 79
B 44 34 46 41
B 29 15 31 35
B 14 15 16 35
B 59 15 61 35
B 44 15 46 35
B 29 78 31 110
B 59 78 61 110
B 44 78 46 110
B 14 78 16 110
B 92 34 94 66
B 92 3 94 35
B 92 65 94 123
B 87 47 94 54
B 29 72 31 79
B 29 34 31 41
B 29 34 31 41
B 29 72 31 79
B 87 47 94 54
B 92 65 94 123
B 92 3 94 35
B 92 34 94 66
B 14 78 16 110
B 44 78 46 110
B 59 78 61 110
B 29 78 31 110
B 44 15 46 35
B 59 15 61 35
B 14 15 16 35
B 29 15 31 35
B 44 34 46 41
B 44 72 46 79
B 44 72 51 79
B 44 34 51 41
B 24 34 31 41
B 24 72 31 79
L 6
B 95 95 105 105
B 95 83 105 93
B 95 70 105 80
B 3 95 13 105
B 33 95 43 105
B 63 95 73 105
B 48 108 58 118
B 18 83 28 93
B 80 108 90 118
B 80 95 90 105
B 47 79 58 119
B 20 79 40 109
B 50 79 70 109
B 35 79 55 109
B 62 79 73 109
B 32 79 43 109
B 2 79 13 109
B 5 79 25 109
B 17 79 28 109
B 79 66 91 122
B 83 66 103 122
B 97 66 108 122
B 97 66 108 122
B 83 66 103 122
B 79 66 91 122
B 17 79 28 109
B 5 79 25 109
B 2 79 13 109
B 32 79 43 109
B 62 79 73 109
B 35 79 55 109
B 50 79 70 109
B 20 79 40 109
B 47 79 58 119
L 5
B 3 8 13 18
B 63 8 73 18
B 33 20 43 30
B 95 20 105 30
B 80 20 90 30
B 80 8 90 18
B 62 6 73 34
B 2 6 13 34
B 20 16 40 34
B 17 16 28 34
B 5 16 25 34
B 50 16 70 34
B 47 16 58 34
B 35 16 55 34
B 32 16 43 34
B 79 4 91 34
B 94 4 106 34
B 83 4 103 34
B 83 4 103 34
B 94 4 106 34
B 79 4 91 34
B 32 16 43 34
B 35 16 55 34
B 47 16 58 34
B 50 16 70 34
B 5 16 25 34
B 17 16 28 34
B 20 16 40 34
B 2 6 13 34
B 62 6 73 34
L 3
B -1 -1 114 51
B -1 65 114 131
B -1 65 114 131
B -1 -1 114 51
L 10
B 99 99 101 101
B 99 87 101 89
B 99 74 101 76
B 37 117 39 119
B 7 117 9 119
B 37 7 39 9
B 7 12 9 14
B 67 12 69 14
B 7 99 9 101
B 37 99 39 101
B 67 99 69 101
B 52 112 54 114
B 22 87 24 89
B 37 24 39 26
B 99 24 101 26
B 84 24 86 26
B 84 12 86 14
B 84 112 86 114
B 84 99 86 101
B 22 117 24 119
B 22 7 24 9
B 52 7 54 9
L 12
B 60 35 66 41
B 47 35 53 41
B 22 35 28 41
B 60 72 66 78
B 47 72 53 78
B 22 72 28 78
B 10 72 16 78
B 10 35 16 41
B 97 97 103 103
B 97 85 103 91
B 97 72 103 78
B 35 115 41 121
B 5 115 11 121
B 35 5 41 11
B 5 10 11 16
B 65 10 71 16
B 5 97 11 103
B 35 97 41 103
B 65 97 71 103
B 50 110 56 116
B 20 85 26 91
B 35 22 41 28
B 85 47 91 53
B 97 22 103 28
B 82 22 88 28
B 82 10 88 16
B 82 110 88 116
B 82 97 88 103
B 20 115 26 121
B 20 5 26 11
B 50 5 56 11
L 60
B 60 22 66 78
B 47 22 53 78
B 22 22 28 78
B 10 22 16 78
B 97 22 103 103
L 12
B 60 22 66 78
B 47 22 53 78
B 5 97 71 103
B 22 22 28 78
B 10 22 16 78
B 35 22 41 91
B 82 97 88 116
B 97 22 103 103
B 82 10 88 28
B 20 85 91 91
B 85 47 91 91
L 60
B -3 110 116 126
B -3 -1 116 16
L 12
B -3 -1 116 16
B -3 110 116 126
B 85 47 91 91
B 20 85 91 91
B 82 10 88 28
B 97 22 103 103
B 82 97 88 116
B 35 22 41 91
B 10 22 16 78
B 22 22 28 78
B 5 97 71 103
B 47 22 53 78
B 60 22 66 78
B 97 22 103 103
B 10 22 16 78
B 22 22 28 78
B 47 22 53 78
B 60 22 66 78
L 11
B 62 37 64 39
B 49 37 51 39
B 24 37 26 39
B 62 74 64 76
B 49 74 51 76
B 24 74 26 76
B 12 74 14 76
B 12 37 14 39
B 87 49 89 51
L 31
B 62 24 64 26
L 60
L 31
B 62 37 64 39
L 60
L 31
B 62 49 64 51
L 60
L 31
B 62 62 64 64
L 60
L 31
B 62 74 64 76
L 60
L 31
B 49 74 51 76
L 60
L 31
B 49 62 51 64
L 60
L 31
B 49 49 51 51
L 60
L 31
B 49 37 51 39
L 60
L 31
B 49 24 51 26
L 60
L 31
B 24 24 26 26
L 60
L 31
B 24 37 26 39
L 60
L 31
B 24 49 26 51
L 60
L 31
B 24 62 26 64
L 60
L 31
B 24 74 26 76
L 60
L 31
B 12 74 14 76
L 60
L 31
B 12 62 14 64
L 60
L 31
B 12 49 14 51
L 60
L 31
B 12 37 14 39
L 60
L 31
B 12 24 14 26
L 60
L 31
B 99 99 101 101
L 60
L 31
B 99 87 101 89
L 60
L 31
B 99 74 101 76
L 60
L 31
B 99 49 101 51
L 60
L 31
B 99 24 101 26
L 60
L 31
B 99 37 101 39
L 60
L 31
B 99 62 101 64
L 60
