; structure creation     : 64639/60534/53450 (0:45076:13569)
; structure modification : 64639/60534/53450 (0:45076:13569)
; structure name : o3_x2
L 1
B -3 63 78 133
L 2
B -3 -3 78 53
L 8
B 17 6 28 34
B 2 112 34 123
B 47 4 73 34
B 2 16 73 34
L 9
B 37 66 73 122
B 2 66 73 109
L 4
B 65 22 71 28
B 65 72 71 78
B 65 85 71 91
B 65 97 71 103
B 5 115 11 121
B 50 110 56 116
B 35 22 41 28
B 5 22 11 28
B 20 10 26 16
B 50 10 56 16
B 5 97 11 103
B 40 110 46 116
B 25 115 31 121
B 64 6 71 32
B 64 68 71 120
B 52 68 68 120
B 52 6 68 32
B 22 18 38 32
B 37 18 53 32
B 7 18 23 32
B 49 68 56 120
B 19 8 26 32
B 4 18 11 32
B 34 18 41 32
B 49 6 56 32
B 4 68 11 107
B 7 68 23 107
B 17 68 33 107
B 27 68 43 107
B 39 68 51 120
B 4 114 32 121
B 4 114 32 121
B 39 68 51 120
B 27 68 43 107
B 17 68 33 107
B 7 68 23 107
B 4 68 11 107
B 49 6 56 32
B 34 18 41 32
B 4 18 11 32
B 19 8 26 32
B 49 68 56 120
B 7 18 23 32
B 37 18 53 32
B 22 18 38 32
B 52 6 68 32
B 52 68 68 120
B 64 68 71 120
B 64 6 71 32
L 7
B 9 34 16 41
B 34 59 41 66
B 9 59 16 66
B 22 34 29 41
B 22 59 29 66
B 34 34 41 41
B 47 59 54 66
B 47 42 54 49
B 47 39 54 46
B 59 65 61 123
B 59 3 61 35
B 29 15 31 35
B 44 15 46 35
B 14 15 16 35
B 14 65 16 110
B 24 65 26 110
B 34 65 36 110
B 24 34 31 36
B 39 34 46 36
B 59 34 61 41
B 49 39 61 41
B 49 64 61 66
B 49 64 61 66
B 49 39 61 41
B 59 34 61 41
B 39 34 46 36
B 24 34 31 36
B 34 65 36 110
B 24 65 26 110
B 14 65 16 110
B 14 15 16 35
B 44 15 46 35
B 29 15 31 35
B 59 3 61 35
B 59 65 61 123
B 47 39 54 46
L 6
B 63 70 73 80
B 63 83 73 93
B 63 95 73 105
B 48 108 58 118
B 3 95 13 105
B 38 108 48 118
B 62 66 73 122
B 50 66 70 122
B 47 66 58 122
B 2 66 13 109
B 5 66 25 109
B 15 66 35 109
B 25 66 45 109
B 37 66 53 122
B 37 66 53 122
B 25 66 45 109
B 15 66 35 109
B 5 66 25 109
B 2 66 13 109
B 47 66 58 122
B 50 66 70 122
B 62 66 73 122
L 5
B 63 20 73 30
B 33 20 43 30
B 3 20 13 30
B 18 8 28 18
B 48 8 58 18
B 62 4 73 34
B 50 4 70 34
B 20 16 40 34
B 35 16 55 34
B 5 16 25 34
B 17 6 28 34
B 2 16 13 34
B 32 16 43 34
B 47 4 58 34
B 47 4 58 34
B 32 16 43 34
B 2 16 13 34
B 17 6 28 34
B 5 16 25 34
B 35 16 55 34
B 20 16 40 34
B 50 4 70 34
B 62 4 73 34
L 3
B -1 65 76 131
B -1 -1 76 51
B -1 -1 76 51
B -1 65 76 131
L 10
B 67 24 69 26
B 67 74 69 76
B 67 87 69 89
B 67 99 69 101
B 7 117 9 119
B 52 112 54 114
B 37 24 39 26
B 7 24 9 26
B 22 12 24 14
B 52 12 54 14
B 7 99 9 101
B 42 112 44 114
B 27 117 29 119
L 12
B 65 22 71 28
B 65 72 71 78
B 65 85 71 91
B 65 97 71 103
B 5 115 11 121
B 50 110 56 116
B 35 22 41 28
B 5 22 11 28
B 20 10 26 16
B 50 10 56 16
B 10 35 16 41
B 5 97 11 103
B 35 60 41 66
B 40 110 46 116
B 25 115 31 121
B 10 60 16 66
B 22 35 28 41
B 22 60 28 66
B 35 35 41 41
B 47 60 53 66
B 47 42 53 48
B 60 22 66 103
L 60
B 60 25 66 103
B 35 35 41 91
B 22 35 28 91
B 10 35 16 91
B -3 -1 78 16
B -3 110 78 126
L 12
B 35 35 41 91
B 22 35 28 91
B 10 35 16 91
B 5 22 53 28
B 47 22 53 103
B 5 97 53 103
B 60 97 71 103
B 60 85 71 91
B 60 72 71 78
B 60 22 71 28
B 60 22 71 28
B 60 72 71 78
B 60 85 71 91
B 60 97 71 103
B 5 97 53 103
B 47 22 53 103
B 5 22 53 28
B 10 35 16 91
B 22 35 28 91
B 35 35 41 91
B -3 110 78 126
B -3 -1 78 16
B 10 35 16 91
B 22 35 28 91
B 35 35 41 91
B 60 25 66 103
B 60 22 66 103
L 11
B 12 37 14 39
B 37 62 39 64
B 12 62 14 64
B 24 37 26 39
B 24 62 26 64
B 37 37 39 39
B 49 62 51 64
B 49 44 51 46
L 31
B 62 24 64 26
L 60
L 31
B 62 37 64 39
L 60
L 31
B 62 74 64 76
L 60
L 31
B 62 87 64 89
L 60
L 31
B 62 99 64 101
L 60
L 31
B 37 87 39 89
L 60
L 31
B 37 74 39 76
L 60
L 31
B 37 37 39 39
L 60
L 31
B 24 37 26 39
L 60
L 31
B 24 74 26 76
L 60
L 31
B 24 87 26 89
L 60
L 31
B 12 37 14 39
L 60
L 31
B 12 87 14 89
L 60
L 31
B 12 74 14 76
L 60
L 31
B 62 49 64 51
L 60
L 31
B 37 49 39 51
L 60
L 31
B 24 49 26 51
L 60
L 31
B 12 49 14 51
L 60
