; structure creation     : 64639/60534/53450 (0:45076:13569)
; structure modification : 64639/60534/53450 (0:45076:13569)
; structure name : padline
L 12
B 12 77 41 93
B 12 65 28 93
B -316 270 41 421
B -316 65 -165 398
B -146 100 41 251
B -146 65 6 181
B 1955 270 2311 421
B 2160 67 2311 316
B 1955 100 2141 251
B 1990 65 2141 166
B 1967 65 1983 86
B 1955 77 1983 93
B 1955 77 1983 93
B 1967 65 1983 86
B 1990 65 2141 166
B 1955 100 2141 251
B 2160 67 2311 316
B 1955 270 2311 421
B -146 65 6 181
B -146 100 41 251
B -316 65 -165 398
B -316 270 41 421
B 12 65 28 93
B 12 77 41 93
C 38 -893 1 1 1 f2_pvddck2_sp
C 38 -573 1 1 1 f2_pi_sp
C 38 -413 1 1 1 f2_pi_sp
C 38 -253 1 1 1 f2_pi_sp
C 38 -93 1 1 1 f2_pi_sp
C 1958 -573 1 1 3 f2_pvssck2_sp
C 1958 -253 1 1 3 f2_po_sp
C 1958 68 1 1 3 f2_po_sp
C 1638 68 1 1 0 f2_po_sp
C 1318 68 1 1 0 f2_po_sp
C 998 68 1 1 0 f2_po_sp
C 678 68 1 1 0 f2_po_sp
C 358 68 1 1 0 f2_po_sp
C 38 68 1 1 0 f2_po_sp
