; structure creation     : 64639/60534/53450 (0:45076:13569)
; structure modification : 64639/60534/53450 (0:45076:13569)
; structure name : vddck_con
L 12
B 139 -4 147 4
B 91 -4 99 4
B 79 -4 87 4
B 66 -4 74 4
B 54 -4 62 4
B 25 33 125 183
L 60
B 152 32 158 183
B 152 202 158 283
B 152 10 158 26
B 140 -3 146 3
B -8 202 -2 283
B -8 32 -2 183
B -8 10 -2 26
B 25 387 126 393
B 50 -3 101 3
L 12
B -8 202 158 283
B -8 32 158 183
B -8 10 158 26
B 25 387 126 441
B 25 387 126 441
B -8 10 158 26
B -8 32 158 183
B -8 202 158 283
L 13
B 141 -2 145 2
B 93 -2 97 2
B 81 -2 85 2
B 68 -2 72 2
B 56 -2 60 2
B 115 171 119 175
B 115 163 119 167
B 115 155 119 159
B 115 147 119 151
B 115 139 119 143
B 115 131 119 135
B 115 123 119 127
B 115 115 119 119
B 115 107 119 111
B 115 99 119 103
B 115 91 119 95
B 115 83 119 87
B 115 75 119 79
B 115 67 119 71
B 115 59 119 63
B 115 51 119 55
B 115 43 119 47
B 115 35 119 39
B 107 171 111 175
B 107 163 111 167
B 107 155 111 159
B 107 147 111 151
B 107 139 111 143
B 107 131 111 135
B 107 123 111 127
B 107 115 111 119
B 107 107 111 111
B 107 99 111 103
B 107 91 111 95
B 107 83 111 87
B 107 75 111 79
B 107 67 111 71
B 107 59 111 63
B 107 51 111 55
B 107 43 111 47
B 107 35 111 39
B 99 171 103 175
B 99 163 103 167
B 99 155 103 159
B 99 147 103 151
B 99 139 103 143
B 99 131 103 135
B 99 123 103 127
B 99 115 103 119
B 99 107 103 111
B 99 99 103 103
B 99 91 103 95
B 99 83 103 87
B 99 75 103 79
B 99 67 103 71
B 99 59 103 63
B 99 51 103 55
B 99 43 103 47
B 99 35 103 39
B 91 171 95 175
B 91 163 95 167
B 91 155 95 159
B 91 147 95 151
B 91 139 95 143
B 91 131 95 135
B 91 123 95 127
B 91 115 95 119
B 91 107 95 111
B 91 99 95 103
B 91 91 95 95
B 91 83 95 87
B 91 75 95 79
B 91 67 95 71
B 91 59 95 63
B 91 51 95 55
B 91 43 95 47
B 91 35 95 39
B 83 171 87 175
B 83 163 87 167
B 83 155 87 159
B 83 147 87 151
B 83 139 87 143
B 83 131 87 135
B 83 123 87 127
B 83 115 87 119
B 83 107 87 111
B 83 99 87 103
B 83 91 87 95
B 83 83 87 87
B 83 75 87 79
B 83 67 87 71
B 83 59 87 63
B 83 51 87 55
B 83 43 87 47
B 83 35 87 39
B 75 171 79 175
B 75 163 79 167
B 75 155 79 159
B 75 147 79 151
B 75 139 79 143
B 75 131 79 135
B 75 123 79 127
B 75 115 79 119
B 75 107 79 111
B 75 99 79 103
B 75 91 79 95
B 75 83 79 87
B 75 75 79 79
B 75 67 79 71
B 75 59 79 63
B 75 51 79 55
B 75 43 79 47
B 75 35 79 39
B 67 171 71 175
B 67 163 71 167
B 67 155 71 159
B 67 147 71 151
B 67 139 71 143
B 67 131 71 135
B 67 123 71 127
B 67 115 71 119
B 67 107 71 111
B 67 99 71 103
B 67 91 71 95
B 67 83 71 87
B 67 75 71 79
B 67 67 71 71
B 67 59 71 63
B 67 51 71 55
B 67 43 71 47
B 67 35 71 39
B 59 171 63 175
B 59 163 63 167
B 59 155 63 159
B 59 147 63 151
B 59 139 63 143
B 59 131 63 135
B 59 123 63 127
B 59 115 63 119
B 59 107 63 111
B 59 99 63 103
B 59 91 63 95
B 59 83 63 87
B 59 75 63 79
B 59 67 63 71
B 59 59 63 63
B 59 51 63 55
B 59 43 63 47
B 59 35 63 39
B 51 171 55 175
B 51 163 55 167
B 51 155 55 159
B 51 147 55 151
B 51 139 55 143
B 51 131 55 135
B 51 123 55 127
B 51 115 55 119
B 51 107 55 111
B 51 99 55 103
B 51 91 55 95
B 51 83 55 87
B 51 75 55 79
B 51 67 55 71
B 51 59 55 63
B 51 51 55 55
B 51 43 55 47
B 51 35 55 39
B 43 171 47 175
B 43 163 47 167
B 43 155 47 159
B 43 147 47 151
B 43 139 47 143
B 43 131 47 135
B 43 123 47 127
B 43 115 47 119
B 43 107 47 111
B 43 99 47 103
B 43 91 47 95
B 43 83 47 87
B 43 75 47 79
B 43 67 47 71
B 43 59 47 63
B 43 51 47 55
B 43 43 47 47
B 43 35 47 39
B 35 171 39 175
B 35 163 39 167
B 35 155 39 159
B 35 147 39 151
B 35 139 39 143
B 35 131 39 135
B 35 123 39 127
B 35 115 39 119
B 35 107 39 111
B 35 99 39 103
B 35 91 39 95
B 35 83 39 87
B 35 75 39 79
B 35 67 39 71
B 35 59 39 63
B 35 51 39 55
B 35 43 39 47
B 35 35 39 39
B 27 171 31 175
B 27 163 31 167
B 27 155 31 159
B 27 147 31 151
B 27 139 31 143
B 27 131 31 135
B 27 123 31 127
B 27 115 31 119
B 27 107 31 111
B 27 99 31 103
B 27 91 31 95
B 27 83 31 87
B 27 75 31 79
B 27 67 31 71
B 27 59 31 63
B 27 51 31 55
B 27 43 31 47
B 27 35 31 39
L 14
B 139 -4 147 4
B 91 -4 99 4
B 79 -4 87 4
B 66 -4 74 4
B 54 -4 62 4
B 25 33 125 183
L 60
B 140 -3 146 3
B 25 387 126 393
B 50 -3 101 3
L 14
B 140 -3 146 276
B 140 270 158 276
B 25 32 126 441
B 50 -3 101 183
B 50 -3 101 183
B 25 32 126 441
B 140 270 158 276
B 140 -3 146 276
