; structure creation     : 64639/60534/53450 (0:45076:13569)
; structure modification : 64639/60534/53450 (0:45076:13569)
; structure name : vssck_con
L 12
B 91 -4 99 4
B 79 -4 87 4
B 64 -4 72 4
B 51 -4 59 4
B 25 203 125 283
B 139 -4 147 4
L 60
B 50 -3 101 3
B 25 387 126 393
B -8 202 -2 283
B -8 32 -2 183
B -8 10 -2 26
B 152 32 158 183
B 152 202 158 283
B 152 10 158 26
B 140 -3 146 3
L 12
B 25 202 126 441
B -8 10 158 26
B -8 32 158 183
B -8 202 158 283
B -8 202 158 283
B -8 32 158 183
B -8 10 158 26
B 25 202 126 441
L 13
B 93 -2 97 2
B 81 -2 85 2
B 66 -2 70 2
B 53 -2 57 2
B 115 277 119 281
B 115 269 119 273
B 115 261 119 265
B 115 253 119 257
B 115 245 119 249
B 115 237 119 241
B 115 229 119 233
B 115 221 119 225
B 115 213 119 217
B 115 205 119 209
B 107 277 111 281
B 107 269 111 273
B 107 261 111 265
B 107 253 111 257
B 107 245 111 249
B 107 237 111 241
B 107 229 111 233
B 107 221 111 225
B 107 213 111 217
B 107 205 111 209
B 99 277 103 281
B 99 269 103 273
B 99 261 103 265
B 99 253 103 257
B 99 245 103 249
B 99 237 103 241
B 99 229 103 233
B 99 221 103 225
B 99 213 103 217
B 99 205 103 209
B 91 277 95 281
B 91 269 95 273
B 91 261 95 265
B 91 253 95 257
B 91 245 95 249
B 91 237 95 241
B 91 229 95 233
B 91 221 95 225
B 91 213 95 217
B 91 205 95 209
B 83 277 87 281
B 83 269 87 273
B 83 261 87 265
B 83 253 87 257
B 83 245 87 249
B 83 237 87 241
B 83 229 87 233
B 83 221 87 225
B 83 213 87 217
B 83 205 87 209
B 75 277 79 281
B 75 269 79 273
B 75 261 79 265
B 75 253 79 257
B 75 245 79 249
B 75 237 79 241
B 75 229 79 233
B 75 221 79 225
B 75 213 79 217
B 75 205 79 209
B 67 277 71 281
B 67 269 71 273
B 67 261 71 265
B 67 253 71 257
B 67 245 71 249
B 67 237 71 241
B 67 229 71 233
B 67 221 71 225
B 67 213 71 217
B 67 205 71 209
B 59 277 63 281
B 59 269 63 273
B 59 261 63 265
B 59 253 63 257
B 59 245 63 249
B 59 237 63 241
B 59 229 63 233
B 59 221 63 225
B 59 213 63 217
B 59 205 63 209
B 51 277 55 281
B 51 269 55 273
B 51 261 55 265
B 51 253 55 257
B 51 245 55 249
B 51 237 55 241
B 51 229 55 233
B 51 221 55 225
B 51 213 55 217
B 51 205 55 209
B 43 277 47 281
B 43 269 47 273
B 43 261 47 265
B 43 253 47 257
B 43 245 47 249
B 43 237 47 241
B 43 229 47 233
B 43 221 47 225
B 43 213 47 217
B 43 205 47 209
B 35 277 39 281
B 35 269 39 273
B 35 261 39 265
B 35 253 39 257
B 35 245 39 249
B 35 237 39 241
B 35 229 39 233
B 35 221 39 225
B 35 213 39 217
B 35 205 39 209
B 27 277 31 281
B 27 269 31 273
B 27 261 31 265
B 27 253 31 257
B 27 245 31 249
B 27 237 31 241
B 27 229 31 233
B 27 221 31 225
B 27 213 31 217
B 27 205 31 209
B 141 -2 145 2
L 14
B 91 -4 99 4
B 79 -4 87 4
B 64 -4 72 4
B 51 -4 59 4
B 25 203 125 283
B 139 -4 147 4
L 60
B 50 -3 101 3
B 25 387 126 393
B 140 -3 146 3
L 14
B 50 -3 101 283
B 25 202 126 441
B 140 -3 146 276
B 140 270 158 276
B 140 270 158 276
B 140 -3 146 276
B 25 202 126 441
B 50 -3 101 283
