l 14
B 6 -6 1014 -12
B 6 -12 1014 -18
B 6 -18 1014 -24
B 6 -24 1014 -30
B 6 -30 1014 -36
B 6 -36 1014 -42
B 6 -42 1014 -48
B 6 -48 1014 -54
B 6 -54 1014 -60
B 6 -60 1014 -66
B 6 -66 1014 -72
B 6 -72 1014 -78
B 6 -78 1014 -84
B 6 -84 78 -90
B 942 -84 1014 -90
B 6 -90 78 -96
B 942 -90 1014 -96
B 6 -96 78 -102
B 942 -96 1014 -102
B 6 -102 78 -108
B 942 -102 1014 -108
B 6 -108 78 -114
B 942 -108 1014 -114
B 6 -114 78 -120
B 942 -114 1014 -120
B 6 -120 78 -126
B 942 -120 1014 -126
B 6 -126 78 -132
B 942 -126 1014 -132
B 6 -132 78 -138
B 942 -132 1014 -138
B 6 -138 78 -144
B 942 -138 1014 -144
B 6 -144 78 -150
B 942 -144 1014 -150
B 6 -150 78 -156
B 942 -150 1014 -156
B 6 -156 78 -162
B 942 -156 1014 -162
B 6 -162 78 -168
B 942 -162 1014 -168
B 6 -168 78 -174
B 942 -168 1014 -174
B 6 -174 78 -180
B 942 -174 1014 -180
B 6 -180 78 -186
B 942 -180 1014 -186
B 6 -186 78 -192
B 480 -186 546 -192
B 942 -186 1014 -192
B 6 -192 78 -198
B 186 -192 240 -198
B 456 -192 564 -198
B 666 -192 720 -198
B 942 -192 1014 -198
B 6 -198 78 -204
B 186 -198 240 -204
B 444 -198 576 -204
B 666 -198 720 -204
B 942 -198 1014 -204
B 6 -204 78 -210
B 186 -204 240 -210
B 438 -204 588 -210
B 666 -204 720 -210
B 942 -204 1014 -210
B 6 -210 78 -216
B 186 -210 240 -216
B 432 -210 594 -216
B 666 -210 720 -216
B 942 -210 1014 -216
B 6 -216 78 -222
B 186 -216 240 -222
B 426 -216 600 -222
B 666 -216 720 -222
B 942 -216 1014 -222
B 6 -222 78 -228
B 186 -222 240 -228
B 420 -222 600 -228
B 666 -222 720 -228
B 942 -222 1014 -228
B 6 -228 78 -234
B 186 -228 240 -234
B 420 -228 606 -234
B 666 -228 720 -234
B 942 -228 1014 -234
B 6 -234 78 -240
B 186 -234 240 -240
B 414 -234 480 -240
B 534 -234 606 -240
B 666 -234 720 -240
B 942 -234 1014 -240
B 6 -240 78 -246
B 186 -240 240 -246
B 414 -240 474 -246
B 546 -240 612 -246
B 666 -240 720 -246
B 942 -240 1014 -246
B 6 -246 78 -252
B 186 -246 240 -252
B 414 -246 468 -252
B 552 -246 612 -252
B 666 -246 720 -252
B 942 -246 1014 -252
B 6 -252 78 -258
B 186 -252 240 -258
B 414 -252 462 -258
B 552 -252 612 -258
B 666 -252 720 -258
B 942 -252 1014 -258
B 6 -258 78 -264
B 186 -258 240 -264
B 408 -258 462 -264
B 558 -258 612 -264
B 666 -258 720 -264
B 942 -258 1014 -264
B 6 -264 78 -270
B 186 -264 240 -270
B 408 -264 468 -270
B 558 -264 612 -270
B 666 -264 720 -270
B 786 -264 834 -270
B 942 -264 1014 -270
B 6 -270 78 -276
B 186 -270 240 -276
B 414 -270 468 -276
B 666 -270 720 -276
B 786 -270 834 -276
B 942 -270 1014 -276
B 6 -276 78 -282
B 186 -276 240 -282
B 414 -276 480 -282
B 666 -276 720 -282
B 786 -276 834 -282
B 942 -276 1014 -282
B 6 -282 78 -288
B 186 -282 240 -288
B 414 -282 492 -288
B 666 -282 720 -288
B 786 -282 834 -288
B 942 -282 1014 -288
B 6 -288 78 -294
B 186 -288 240 -294
B 414 -288 510 -294
B 666 -288 720 -294
B 786 -288 834 -294
B 942 -288 1014 -294
B 6 -294 78 -300
B 186 -294 240 -300
B 420 -294 534 -300
B 666 -294 720 -300
B 786 -294 834 -300
B 942 -294 1014 -300
B 6 -300 78 -306
B 186 -300 240 -306
B 420 -300 558 -306
B 666 -300 720 -306
B 786 -300 834 -306
B 942 -300 1014 -306
B 6 -306 78 -312
B 186 -306 240 -312
B 426 -306 570 -312
B 666 -306 720 -312
B 786 -306 834 -312
B 942 -306 1014 -312
B 6 -312 78 -318
B 186 -312 240 -318
B 432 -312 582 -318
B 666 -312 720 -318
B 786 -312 834 -318
B 942 -312 1014 -318
B 6 -318 78 -324
B 186 -318 240 -324
B 438 -318 594 -324
B 666 -318 720 -324
B 942 -318 1014 -324
B 6 -324 78 -330
B 186 -324 240 -330
B 450 -324 600 -330
B 666 -324 720 -330
B 942 -324 1014 -330
B 6 -330 78 -336
B 186 -330 240 -336
B 462 -330 606 -336
B 666 -330 720 -336
B 942 -330 1014 -336
B 6 -336 78 -342
B 186 -336 240 -342
B 480 -336 612 -342
B 666 -336 720 -342
B 942 -336 1014 -342
B 6 -342 78 -348
B 186 -342 240 -348
B 498 -342 612 -348
B 666 -342 720 -348
B 942 -342 1014 -348
B 6 -348 78 -354
B 186 -348 240 -354
B 522 -348 618 -354
B 666 -348 720 -354
B 942 -348 1014 -354
B 6 -354 78 -360
B 186 -354 240 -360
B 540 -354 618 -360
B 666 -354 720 -360
B 942 -354 1014 -360
B 6 -360 78 -366
B 186 -360 240 -366
B 552 -360 618 -366
B 666 -360 720 -366
B 942 -360 1014 -366
B 6 -366 78 -372
B 186 -366 240 -372
B 564 -366 624 -372
B 666 -366 720 -372
B 942 -366 1014 -372
B 6 -372 78 -378
B 186 -372 240 -378
B 402 -372 456 -378
B 564 -372 624 -378
B 666 -372 720 -378
B 942 -372 1014 -378
B 6 -378 78 -384
B 186 -378 240 -384
B 402 -378 456 -384
B 564 -378 624 -384
B 666 -378 720 -384
B 942 -378 1014 -384
B 6 -384 78 -390
B 186 -384 240 -390
B 402 -384 462 -390
B 570 -384 624 -390
B 666 -384 720 -390
B 942 -384 1014 -390
B 6 -390 78 -396
B 186 -390 240 -396
B 402 -390 462 -396
B 564 -390 624 -396
B 666 -390 720 -396
B 942 -390 1014 -396
B 6 -396 78 -402
B 186 -396 240 -402
B 408 -396 462 -402
B 564 -396 624 -402
B 666 -396 720 -402
B 942 -396 1014 -402
B 6 -402 78 -408
B 186 -402 240 -408
B 408 -402 468 -408
B 558 -402 618 -408
B 666 -402 720 -408
B 942 -402 1014 -408
B 6 -408 78 -414
B 186 -408 240 -414
B 408 -408 474 -414
B 552 -408 618 -414
B 666 -408 720 -414
B 942 -408 1014 -414
B 6 -414 78 -420
B 186 -414 240 -420
B 414 -414 486 -420
B 546 -414 618 -420
B 666 -414 720 -420
B 786 -414 834 -420
B 942 -414 1014 -420
B 6 -420 78 -426
B 186 -420 378 -426
B 414 -420 612 -426
B 666 -420 720 -426
B 786 -420 834 -426
B 942 -420 1014 -426
B 6 -426 78 -432
B 186 -426 378 -432
B 420 -426 612 -432
B 666 -426 720 -432
B 786 -426 834 -432
B 942 -426 1014 -432
B 6 -432 78 -438
B 186 -432 378 -438
B 426 -432 606 -438
B 666 -432 720 -438
B 786 -432 834 -438
B 942 -432 1014 -438
B 6 -438 78 -444
B 186 -438 378 -444
B 432 -438 600 -444
B 666 -438 720 -444
B 786 -438 834 -444
B 942 -438 1014 -444
B 6 -444 78 -450
B 186 -444 378 -450
B 438 -444 594 -450
B 666 -444 720 -450
B 786 -444 834 -450
B 942 -444 1014 -450
B 6 -450 78 -456
B 186 -450 378 -456
B 444 -450 588 -456
B 666 -450 720 -456
B 786 -450 834 -456
B 942 -450 1014 -456
B 6 -456 78 -462
B 186 -456 378 -462
B 456 -456 576 -462
B 666 -456 720 -462
B 786 -456 834 -462
B 942 -456 1014 -462
B 6 -462 78 -468
B 474 -462 558 -468
B 942 -462 1014 -468
B 6 -468 78 -474
B 942 -468 1014 -474
B 6 -474 78 -480
B 942 -474 1014 -480
B 6 -480 78 -486
B 942 -480 1014 -486
B 6 -486 78 -492
B 942 -486 1014 -492
B 6 -492 78 -498
B 942 -492 1014 -498
B 6 -498 78 -504
B 942 -498 1014 -504
B 6 -504 78 -510
B 942 -504 1014 -510
B 6 -510 78 -516
B 942 -510 1014 -516
B 6 -516 78 -522
B 942 -516 1014 -522
B 6 -522 78 -528
B 942 -522 1014 -528
B 6 -528 78 -534
B 942 -528 1014 -534
B 6 -534 78 -540
B 942 -534 1014 -540
B 6 -540 78 -546
B 942 -540 1014 -546
B 6 -546 78 -552
B 942 -546 1014 -552
B 6 -552 78 -558
B 942 -552 1014 -558
B 6 -558 78 -564
B 942 -558 1014 -564
B 6 -564 78 -570
B 942 -564 1014 -570
B 6 -570 78 -576
B 942 -570 1014 -576
B 6 -576 1014 -582
B 6 -582 1014 -588
B 6 -588 1014 -594
B 6 -594 1014 -600
B 6 -600 1014 -606
B 6 -606 1014 -612
B 6 -612 1014 -618
B 6 -618 1014 -624
B 6 -624 1014 -630
B 6 -630 1014 -636
B 6 -636 1014 -642
B 6 -642 1014 -648
