l 7
B 8 0 106 -2
B 8 -2 108 -4
B 6 -4 108 -6
B 6 -6 110 -8
B 6 -8 110 -10
B 6 -10 40 -12
B 42 -10 110 -12
B 6 -12 34 -14
B 36 -12 112 -14
B 6 -14 40 -16
B 42 -14 44 -16
B 46 -14 112 -16
B 6 -16 36 -18
B 38 -16 112 -18
B 6 -18 32 -20
B 50 -18 52 -20
B 54 -18 56 -20
B 58 -18 62 -20
B 64 -18 68 -20
B 70 -18 72 -20
B 74 -18 112 -20
B 6 -20 30 -22
B 70 -20 112 -22
B 6 -22 28 -24
B 76 -22 112 -24
B 6 -24 26 -26
B 82 -24 84 -26
B 86 -24 112 -26
B 6 -26 24 -28
B 82 -26 112 -28
B 6 -28 20 -30
B 88 -28 112 -30
B 6 -30 22 -32
B 90 -30 112 -32
B 6 -32 20 -34
B 32 -32 34 -34
B 90 -32 112 -34
B 6 -34 18 -36
B 30 -34 34 -36
B 36 -34 38 -36
B 82 -34 84 -36
B 86 -34 112 -36
B 6 -36 20 -38
B 28 -36 44 -38
B 78 -36 112 -38
B 6 -38 20 -40
B 26 -38 54 -40
B 70 -38 112 -40
B 6 -40 18 -42
B 30 -40 32 -42
B 42 -40 44 -42
B 48 -40 56 -42
B 70 -40 76 -42
B 90 -40 94 -42
B 96 -40 98 -42
B 100 -40 112 -42
B 6 -42 18 -44
B 28 -42 32 -44
B 46 -42 54 -44
B 100 -42 112 -44
B 8 -44 18 -46
B 52 -44 56 -46
B 104 -44 112 -46
B 6 -46 16 -48
B 28 -46 30 -48
B 48 -46 50 -48
B 102 -46 110 -48
B 8 -48 18 -50
B 28 -48 32 -50
B 34 -48 52 -50
B 74 -48 96 -50
B 102 -48 110 -50
B 12 -50 16 -52
B 28 -50 48 -52
B 50 -50 52 -52
B 76 -50 84 -52
B 86 -50 96 -52
B 104 -50 106 -52
B 12 -52 16 -54
B 28 -52 36 -54
B 40 -52 46 -54
B 78 -52 90 -54
B 92 -52 94 -54
B 102 -52 106 -54
B 12 -54 16 -56
B 30 -54 32 -56
B 34 -54 48 -56
B 50 -54 52 -56
B 104 -54 106 -56
B 14 -56 16 -58
B 100 -56 106 -58
B 12 -58 16 -60
B 44 -58 48 -60
B 66 -58 68 -60
B 100 -58 106 -60
B 14 -60 16 -62
B 40 -60 42 -62
B 62 -60 64 -62
B 66 -60 70 -62
B 100 -60 106 -62
B 14 -62 16 -64
B 66 -62 72 -64
B 98 -62 102 -64
B 104 -62 106 -64
B 14 -64 16 -66
B 64 -64 68 -66
B 70 -64 72 -66
B 98 -64 106 -66
B 14 -66 16 -68
B 52 -66 54 -68
B 66 -66 68 -68
B 70 -66 74 -68
B 96 -66 104 -68
B 14 -68 18 -70
B 64 -68 72 -70
B 96 -68 100 -70
B 102 -68 104 -70
B 16 -70 20 -72
B 50 -70 54 -72
B 68 -70 76 -72
B 96 -70 104 -72
B 18 -72 20 -74
B 64 -72 66 -74
B 70 -72 72 -74
B 74 -72 76 -74
B 98 -72 102 -74
B 18 -74 20 -76
B 50 -74 52 -76
B 58 -74 60 -76
B 68 -74 72 -76
B 74 -74 76 -76
B 96 -74 104 -76
B 18 -76 20 -78
B 50 -76 52 -78
B 56 -76 76 -78
B 96 -76 100 -78
B 18 -78 20 -80
B 22 -78 24 -80
B 50 -78 52 -80
B 54 -78 58 -80
B 60 -78 64 -80
B 68 -78 74 -80
B 94 -78 102 -80
B 18 -80 28 -82
B 50 -80 56 -82
B 66 -80 70 -82
B 94 -80 102 -82
B 20 -82 32 -84
B 96 -82 100 -84
B 20 -84 22 -86
B 24 -84 30 -86
B 70 -84 72 -86
B 76 -84 78 -86
B 80 -84 84 -86
B 92 -84 100 -86
B 20 -86 30 -88
B 68 -86 84 -88
B 92 -86 94 -88
B 96 -86 100 -88
B 24 -88 30 -90
B 40 -88 42 -90
B 44 -88 50 -90
B 54 -88 56 -90
B 58 -88 64 -90
B 66 -88 80 -90
B 82 -88 84 -90
B 92 -88 98 -90
B 22 -90 32 -92
B 40 -90 72 -92
B 74 -90 84 -92
B 90 -90 96 -92
B 22 -92 32 -94
B 42 -92 46 -94
B 48 -92 54 -94
B 56 -92 58 -94
B 60 -92 76 -94
B 78 -92 80 -94
B 88 -92 94 -94
B 28 -94 34 -96
B 86 -94 94 -96
B 28 -96 36 -98
B 84 -96 94 -98
B 28 -98 32 -100
B 34 -98 38 -100
B 82 -98 104 -100
B 26 -100 40 -102
B 82 -100 106 -102
B 22 -102 42 -104
B 74 -102 118 -104
B 22 -104 32 -106
B 34 -104 46 -106
B 70 -104 88 -106
B 90 -104 118 -106
B 18 -106 36 -108
B 38 -106 48 -108
B 70 -106 84 -108
B 92 -106 118 -108
B 16 -108 28 -110
B 32 -108 40 -110
B 42 -108 52 -110
B 54 -108 56 -110
B 66 -108 72 -110
B 74 -108 80 -110
B 92 -108 118 -110
B 10 -110 26 -112
B 34 -110 58 -112
B 60 -110 64 -112
B 66 -110 68 -112
B 70 -110 78 -112
B 92 -110 118 -112
B 4 -112 28 -114
B 32 -112 42 -114
B 44 -112 46 -114
B 48 -112 74 -114
B 76 -112 78 -114
B 92 -112 118 -114
B 2 -114 28 -116
B 92 -114 118 -116
B 0 -116 30 -118
B 92 -116 118 -118
B 0 -118 30 -120
B 92 -118 118 -120
