l 7
B 24 -2 28 -4
B 30 -2 32 -4
B 34 -2 40 -4
B 18 -4 22 -6
B 42 -4 44 -6
B 16 -6 20 -8
B 46 -6 48 -8
B 12 -8 14 -10
B 10 -10 14 -12
B 26 -10 38 -12
B 8 -12 12 -14
B 20 -12 42 -14
B 18 -14 46 -16
B 54 -14 56 -16
B 6 -16 8 -18
B 16 -16 48 -18
B 14 -18 48 -20
B 56 -18 58 -20
B 4 -20 6 -22
B 14 -20 50 -22
B 4 -22 6 -24
B 12 -22 28 -24
B 34 -22 50 -24
B 58 -22 60 -24
B 12 -24 16 -26
B 18 -24 26 -26
B 30 -24 32 -26
B 38 -24 46 -26
B 48 -24 52 -26
B 58 -24 60 -26
B 12 -26 14 -28
B 20 -26 24 -28
B 28 -26 34 -28
B 40 -26 44 -28
B 10 -28 14 -30
B 20 -28 24 -30
B 28 -28 36 -30
B 40 -28 44 -30
B 58 -28 60 -30
B 12 -30 14 -32
B 20 -30 22 -32
B 40 -30 44 -32
B 50 -30 52 -32
B 12 -32 24 -34
B 28 -32 30 -34
B 32 -32 34 -34
B 40 -32 46 -34
B 48 -32 52 -34
B 58 -32 60 -34
B 12 -34 24 -36
B 28 -34 36 -36
B 40 -34 52 -36
B 4 -36 6 -38
B 12 -36 24 -38
B 28 -36 36 -38
B 40 -36 52 -38
B 58 -36 60 -38
B 4 -38 6 -40
B 14 -38 24 -40
B 30 -38 32 -40
B 38 -38 50 -40
B 14 -40 28 -42
B 36 -40 50 -42
B 6 -42 8 -44
B 16 -42 48 -44
B 56 -42 58 -44
B 18 -44 46 -46
B 72 -44 74 -46
B 8 -46 10 -48
B 20 -46 44 -48
B 76 -46 78 -48
B 8 -48 12 -50
B 24 -48 40 -50
B 80 -48 82 -50
B 10 -50 14 -52
B 28 -50 30 -52
B 32 -50 34 -52
B 60 -50 62 -52
B 64 -50 66 -52
B 80 -50 84 -52
B 12 -52 16 -54
B 54 -52 72 -54
B 82 -52 86 -54
B 14 -54 18 -56
B 52 -54 76 -56
B 84 -54 88 -56
B 22 -56 24 -58
B 48 -56 78 -58
B 38 -58 40 -60
B 48 -58 80 -60
B 88 -58 90 -60
B 36 -60 40 -62
B 46 -60 82 -62
B 36 -62 38 -64
B 44 -62 82 -64
B 44 -64 60 -66
B 68 -64 84 -66
B 90 -64 92 -66
B 44 -66 46 -68
B 50 -66 58 -68
B 62 -66 64 -68
B 70 -66 78 -68
B 82 -66 84 -68
B 90 -66 92 -68
B 42 -68 46 -70
B 52 -68 56 -70
B 60 -68 68 -70
B 72 -68 76 -70
B 52 -70 56 -72
B 60 -70 68 -72
B 72 -70 76 -72
B 90 -70 92 -72
B 42 -72 46 -74
B 52 -72 56 -74
B 72 -72 76 -74
B 82 -72 84 -74
B 44 -74 54 -76
B 60 -74 66 -76
B 72 -74 84 -76
B 90 -74 92 -76
B 44 -76 56 -78
B 60 -76 68 -78
B 72 -76 84 -78
B 90 -76 92 -78
B 36 -78 38 -80
B 44 -78 56 -80
B 60 -78 68 -80
B 72 -78 82 -80
B 36 -80 38 -82
B 46 -80 58 -82
B 70 -80 82 -82
B 46 -82 60 -84
B 64 -82 66 -84
B 68 -82 80 -84
B 88 -82 90 -84
B 38 -84 40 -86
B 48 -84 78 -86
B 88 -84 90 -86
B 92 -84 94 -86
B 96 -84 98 -86
B 100 -84 104 -86
B 50 -86 76 -88
B 106 -86 108 -88
B 40 -88 42 -90
B 54 -88 74 -90
B 110 -88 112 -90
B 40 -90 44 -92
B 58 -90 70 -92
B 42 -92 46 -94
B 88 -92 102 -94
B 48 -94 50 -96
B 84 -94 106 -96
B 116 -94 118 -96
B 48 -96 54 -98
B 82 -96 110 -98
B 116 -96 120 -98
B 56 -98 60 -100
B 62 -98 64 -100
B 66 -98 70 -100
B 80 -98 110 -100
B 78 -100 112 -102
B 120 -100 122 -102
B 68 -102 70 -104
B 76 -102 114 -104
B 76 -104 114 -106
B 76 -106 90 -108
B 100 -106 116 -108
B 122 -106 124 -108
B 74 -108 78 -110
B 84 -108 90 -110
B 94 -108 98 -110
B 102 -108 110 -110
B 114 -108 116 -110
B 122 -108 124 -110
B 84 -110 88 -112
B 92 -110 100 -112
B 104 -110 108 -112
B 74 -112 76 -114
B 84 -112 88 -114
B 92 -112 100 -114
B 104 -112 108 -114
B 122 -112 124 -114
B 74 -114 78 -116
B 84 -114 86 -116
B 104 -114 108 -116
B 114 -114 116 -116
B 122 -114 124 -116
B 76 -116 88 -118
B 94 -116 96 -118
B 98 -116 100 -118
B 104 -116 116 -118
B 122 -116 124 -118
B 76 -118 88 -120
B 92 -118 100 -120
B 104 -118 114 -120
B 122 -118 124 -120
B 68 -120 70 -122
B 76 -120 88 -122
B 92 -120 98 -122
B 102 -120 114 -122
B 68 -122 70 -124
B 78 -122 90 -124
B 102 -122 112 -124
B 120 -122 122 -124
B 80 -124 94 -126
B 98 -124 112 -126
B 70 -126 72 -128
B 82 -126 110 -128
B 118 -126 120 -128
B 70 -128 74 -130
B 84 -128 106 -130
B 72 -130 76 -132
B 86 -130 104 -132
B 116 -130 118 -132
B 74 -132 78 -134
B 96 -132 98 -134
B 116 -132 120 -134
B 76 -134 80 -136
B 118 -134 122 -136
B 78 -136 84 -138
B 108 -136 110 -138
B 120 -136 124 -138
B 86 -138 88 -140
B 102 -138 106 -140
B 122 -138 126 -140
B 114 -140 116 -142
B 114 -142 118 -144
B 126 -142 128 -144
B 116 -144 120 -146
B 126 -144 130 -146
B 118 -146 122 -148
B 128 -146 132 -148
B 130 -148 134 -150
B 132 -150 136 -152
B 124 -152 126 -154
B 124 -154 128 -156
B 136 -154 138 -156
B 126 -156 130 -158
B 134 -156 138 -158
B 128 -158 136 -160
