l 7
B 162 0 164 -2
B 162 -2 164 -4
B 160 -4 164 -6
B 160 -6 162 -8
B 158 -10 160 -12
B 142 -12 170 -14
B 262 -12 264 -14
B 126 -14 132 -16
B 134 -14 138 -16
B 146 -14 178 -16
B 258 -14 266 -16
B 114 -16 122 -18
B 130 -16 184 -18
B 254 -16 260 -18
B 264 -16 266 -18
B 108 -18 170 -20
B 176 -18 190 -20
B 250 -18 256 -20
B 264 -18 266 -20
B 104 -20 110 -22
B 112 -20 174 -22
B 182 -20 194 -22
B 248 -20 252 -22
B 264 -20 268 -22
B 100 -22 106 -24
B 108 -22 178 -24
B 186 -22 198 -24
B 244 -22 256 -24
B 266 -22 268 -24
B 96 -24 102 -26
B 104 -24 124 -26
B 128 -24 182 -26
B 192 -24 200 -26
B 240 -24 246 -26
B 248 -24 258 -26
B 266 -24 268 -26
B 22 -26 26 -28
B 92 -26 98 -28
B 100 -26 120 -28
B 122 -26 188 -28
B 196 -26 204 -28
B 236 -26 242 -28
B 244 -26 258 -28
B 266 -26 268 -28
B 22 -28 32 -30
B 90 -28 94 -30
B 96 -28 116 -30
B 122 -28 194 -30
B 200 -28 208 -30
B 234 -28 238 -30
B 240 -28 258 -30
B 266 -28 270 -30
B 22 -30 24 -32
B 30 -30 38 -32
B 86 -30 112 -32
B 118 -30 198 -32
B 204 -30 210 -32
B 230 -30 258 -32
B 266 -30 270 -32
B 20 -32 24 -34
B 36 -32 44 -34
B 84 -32 88 -34
B 92 -32 110 -34
B 116 -32 200 -34
B 206 -32 212 -34
B 228 -32 258 -34
B 266 -32 270 -34
B 20 -34 24 -36
B 42 -34 48 -36
B 82 -34 86 -36
B 90 -34 106 -36
B 112 -34 204 -36
B 210 -34 216 -36
B 224 -34 258 -36
B 268 -34 270 -36
B 20 -36 24 -38
B 46 -36 56 -38
B 80 -36 104 -38
B 110 -36 218 -38
B 220 -36 258 -38
B 266 -36 270 -38
B 20 -38 24 -40
B 32 -38 34 -40
B 52 -38 58 -40
B 78 -38 82 -40
B 84 -38 102 -40
B 108 -38 212 -40
B 216 -38 258 -40
B 266 -38 270 -40
B 20 -40 24 -42
B 32 -40 36 -42
B 56 -40 64 -42
B 76 -40 100 -42
B 106 -40 214 -42
B 218 -40 258 -42
B 266 -40 270 -42
B 20 -42 24 -44
B 32 -42 38 -44
B 48 -42 58 -44
B 62 -42 70 -44
B 74 -42 98 -44
B 104 -42 216 -44
B 220 -42 256 -44
B 266 -42 270 -44
B 20 -44 24 -46
B 32 -44 40 -46
B 46 -44 58 -46
B 68 -44 96 -46
B 102 -44 256 -46
B 266 -44 268 -46
B 22 -46 24 -48
B 32 -46 40 -48
B 42 -46 72 -48
B 74 -46 94 -48
B 100 -46 220 -48
B 224 -46 256 -48
B 266 -46 268 -48
B 22 -48 24 -50
B 34 -48 40 -50
B 42 -48 76 -50
B 80 -48 92 -50
B 98 -48 222 -50
B 226 -48 254 -50
B 264 -48 268 -50
B 22 -50 24 -52
B 34 -50 82 -52
B 86 -50 90 -52
B 96 -50 224 -52
B 228 -50 254 -52
B 264 -50 266 -52
B 22 -52 26 -54
B 34 -52 88 -54
B 94 -52 226 -54
B 230 -52 252 -54
B 264 -52 266 -54
B 24 -54 26 -56
B 36 -54 88 -56
B 92 -54 228 -56
B 232 -54 252 -56
B 262 -54 266 -56
B 24 -56 26 -58
B 36 -56 86 -58
B 90 -56 228 -58
B 232 -56 250 -58
B 262 -56 264 -58
B 24 -58 28 -60
B 38 -58 84 -60
B 88 -58 230 -60
B 234 -58 248 -60
B 260 -58 264 -60
B 26 -60 28 -62
B 40 -60 84 -62
B 88 -60 232 -62
B 236 -60 246 -62
B 260 -60 262 -62
B 26 -62 28 -64
B 40 -62 82 -64
B 86 -62 232 -64
B 236 -62 244 -64
B 258 -62 262 -64
B 26 -64 30 -66
B 42 -64 80 -66
B 84 -64 234 -66
B 238 -64 242 -66
B 256 -64 260 -66
B 28 -66 32 -68
B 44 -66 80 -68
B 82 -66 232 -68
B 240 -66 242 -68
B 254 -66 258 -68
B 30 -68 32 -70
B 46 -68 78 -70
B 82 -68 232 -70
B 240 -68 242 -70
B 252 -68 256 -70
B 30 -70 34 -72
B 50 -70 78 -72
B 80 -70 230 -72
B 240 -70 244 -72
B 250 -70 254 -72
B 32 -72 36 -74
B 52 -72 76 -74
B 80 -72 228 -74
B 242 -72 244 -74
B 248 -72 252 -74
B 34 -74 38 -76
B 56 -74 76 -76
B 80 -74 198 -76
B 200 -74 214 -76
B 216 -74 228 -76
B 242 -74 250 -76
B 36 -76 40 -78
B 60 -76 74 -78
B 78 -76 198 -78
B 202 -76 208 -78
B 216 -76 228 -78
B 244 -76 246 -78
B 248 -76 250 -78
B 38 -78 42 -80
B 66 -78 74 -80
B 76 -78 198 -80
B 202 -78 208 -80
B 218 -78 228 -80
B 244 -78 252 -80
B 40 -80 46 -82
B 70 -80 72 -82
B 76 -80 194 -82
B 204 -80 208 -82
B 218 -80 228 -82
B 246 -80 248 -82
B 250 -80 254 -82
B 44 -82 48 -84
B 70 -82 72 -84
B 76 -82 120 -84
B 124 -82 190 -84
B 204 -82 206 -84
B 218 -82 228 -84
B 246 -82 254 -84
B 42 -84 52 -86
B 68 -84 72 -86
B 74 -84 100 -86
B 102 -84 120 -86
B 126 -84 184 -86
B 204 -84 206 -86
B 218 -84 224 -86
B 248 -84 250 -86
B 252 -84 256 -86
B 40 -86 44 -88
B 46 -86 56 -88
B 68 -86 70 -88
B 74 -86 100 -88
B 102 -86 120 -88
B 134 -86 182 -88
B 204 -86 208 -88
B 220 -86 222 -88
B 248 -86 250 -88
B 254 -86 256 -88
B 38 -88 62 -90
B 68 -88 70 -90
B 74 -88 100 -90
B 106 -88 120 -90
B 138 -88 172 -90
B 176 -88 182 -90
B 204 -88 208 -90
B 220 -88 222 -90
B 248 -88 252 -90
B 254 -88 258 -90
B 38 -90 40 -92
B 44 -90 70 -92
B 74 -90 100 -92
B 114 -90 120 -92
B 144 -90 168 -92
B 176 -90 182 -92
B 204 -90 208 -92
B 220 -90 224 -92
B 250 -90 258 -92
B 36 -92 40 -94
B 42 -92 68 -94
B 72 -92 100 -94
B 116 -92 118 -94
B 144 -92 166 -94
B 176 -92 180 -94
B 204 -92 208 -94
B 220 -92 224 -94
B 250 -92 254 -94
B 256 -92 260 -94
B 36 -94 38 -96
B 42 -94 68 -96
B 72 -94 100 -96
B 116 -94 118 -96
B 142 -94 166 -96
B 176 -94 182 -96
B 204 -94 208 -96
B 220 -94 224 -96
B 250 -94 260 -96
B 34 -96 38 -98
B 40 -96 68 -98
B 72 -96 100 -98
B 116 -96 118 -98
B 128 -96 138 -98
B 142 -96 166 -98
B 176 -96 182 -98
B 186 -96 198 -98
B 204 -96 208 -98
B 210 -96 214 -98
B 216 -96 224 -98
B 230 -96 232 -98
B 250 -96 256 -98
B 258 -96 262 -98
B 34 -98 36 -100
B 40 -98 66 -100
B 72 -98 100 -100
B 116 -98 118 -100
B 126 -98 172 -100
B 176 -98 200 -100
B 204 -98 236 -100
B 252 -98 262 -100
B 32 -100 36 -102
B 38 -100 66 -102
B 72 -100 100 -102
B 116 -100 120 -102
B 126 -100 202 -102
B 204 -100 238 -102
B 252 -100 258 -102
B 260 -100 266 -102
B 32 -102 34 -104
B 38 -102 66 -104
B 74 -102 100 -104
B 112 -102 120 -104
B 126 -102 202 -104
B 204 -102 238 -104
B 252 -102 258 -104
B 262 -102 264 -104
B 30 -104 34 -106
B 36 -104 66 -106
B 76 -104 100 -106
B 110 -104 120 -106
B 124 -104 202 -106
B 204 -104 248 -106
B 254 -104 260 -106
B 262 -104 264 -106
B 30 -106 32 -108
B 36 -106 64 -108
B 84 -106 100 -108
B 106 -106 120 -108
B 124 -106 250 -108
B 254 -106 260 -108
B 262 -106 266 -108
B 30 -108 32 -110
B 36 -108 64 -110
B 86 -108 100 -110
B 106 -108 122 -110
B 124 -108 250 -110
B 254 -108 260 -110
B 264 -108 266 -110
B 28 -110 32 -112
B 34 -110 64 -112
B 86 -110 100 -112
B 102 -110 250 -112
B 256 -110 262 -112
B 264 -110 266 -112
B 28 -112 30 -114
B 34 -112 64 -114
B 88 -112 252 -114
B 256 -112 262 -114
B 264 -112 266 -114
B 28 -114 30 -116
B 34 -114 64 -116
B 88 -114 252 -116
B 256 -114 262 -116
B 264 -114 268 -116
B 28 -116 30 -118
B 34 -116 64 -118
B 88 -116 252 -118
B 256 -116 262 -118
B 266 -116 268 -118
B 26 -118 30 -120
B 34 -118 64 -120
B 88 -118 252 -120
B 256 -118 264 -120
B 266 -118 268 -120
B 26 -120 28 -122
B 32 -120 62 -122
B 88 -120 252 -122
B 256 -120 264 -122
B 266 -120 268 -122
B 26 -122 28 -124
B 32 -122 62 -124
B 88 -122 254 -124
B 256 -122 264 -124
B 266 -122 268 -124
B 26 -124 28 -126
B 32 -124 62 -126
B 74 -124 254 -126
B 256 -124 264 -126
B 266 -124 270 -126
B 26 -126 28 -128
B 32 -126 44 -128
B 46 -126 62 -128
B 72 -126 254 -128
B 256 -126 270 -128
B 26 -128 28 -130
B 32 -128 44 -130
B 46 -128 62 -130
B 68 -128 254 -130
B 256 -128 266 -130
B 268 -128 270 -130
B 24 -130 28 -132
B 32 -130 44 -132
B 46 -130 62 -132
B 68 -130 222 -132
B 224 -130 254 -132
B 256 -130 266 -132
B 268 -130 270 -132
B 24 -132 28 -134
B 32 -132 44 -134
B 46 -132 64 -134
B 68 -132 202 -134
B 204 -132 222 -134
B 224 -132 254 -134
B 256 -132 266 -134
B 268 -132 270 -134
B 24 -134 26 -136
B 32 -134 44 -136
B 46 -134 64 -136
B 68 -134 104 -136
B 106 -134 122 -136
B 124 -134 202 -136
B 204 -134 222 -136
B 224 -134 254 -136
B 256 -134 266 -136
B 268 -134 270 -136
B 24 -136 26 -138
B 32 -136 44 -138
B 46 -136 64 -138
B 68 -136 104 -138
B 106 -136 220 -138
B 224 -136 254 -138
B 256 -136 266 -138
B 268 -136 270 -138
B 24 -138 26 -140
B 32 -138 42 -140
B 46 -138 64 -140
B 68 -138 124 -140
B 126 -138 198 -140
B 202 -138 220 -140
B 224 -138 254 -140
B 256 -138 272 -140
B 24 -140 28 -142
B 32 -140 42 -142
B 46 -140 64 -142
B 68 -140 106 -142
B 110 -140 124 -142
B 128 -140 196 -142
B 202 -140 218 -142
B 224 -140 254 -142
B 256 -140 268 -142
B 270 -140 272 -142
B 26 -142 28 -144
B 32 -142 42 -144
B 46 -142 64 -144
B 68 -142 106 -144
B 114 -142 216 -144
B 224 -142 254 -144
B 256 -142 268 -144
B 270 -142 272 -144
B 26 -144 28 -146
B 32 -144 42 -146
B 46 -144 64 -146
B 68 -144 106 -146
B 138 -144 152 -146
B 154 -144 160 -146
B 162 -144 184 -146
B 202 -144 204 -146
B 206 -144 214 -146
B 224 -144 254 -146
B 256 -144 268 -146
B 270 -144 272 -146
B 26 -146 28 -148
B 32 -146 42 -148
B 46 -146 64 -148
B 68 -146 108 -148
B 114 -146 132 -148
B 224 -146 268 -148
B 270 -146 272 -148
B 26 -148 28 -150
B 32 -148 42 -150
B 46 -148 66 -150
B 68 -148 142 -150
B 190 -148 218 -150
B 224 -148 268 -150
B 270 -148 272 -150
B 26 -150 28 -152
B 32 -150 42 -152
B 46 -150 66 -152
B 70 -150 142 -152
B 188 -150 220 -152
B 222 -150 252 -152
B 254 -150 272 -152
B 26 -152 28 -154
B 32 -152 42 -154
B 46 -152 66 -154
B 70 -152 142 -154
B 188 -152 252 -154
B 254 -152 272 -154
B 26 -154 28 -156
B 32 -154 42 -156
B 46 -154 66 -156
B 70 -154 134 -156
B 188 -154 214 -156
B 218 -154 272 -156
B 26 -156 30 -158
B 32 -156 42 -158
B 46 -156 66 -158
B 70 -156 104 -158
B 106 -156 134 -158
B 188 -156 214 -158
B 220 -156 248 -158
B 252 -156 274 -158
B 28 -158 30 -160
B 32 -158 42 -160
B 46 -158 68 -160
B 72 -158 102 -160
B 106 -158 134 -160
B 186 -158 214 -160
B 220 -158 222 -160
B 224 -158 250 -160
B 252 -158 276 -160
B 28 -160 30 -162
B 34 -160 42 -162
B 46 -160 68 -162
B 72 -160 102 -162
B 104 -160 108 -162
B 110 -160 134 -162
B 186 -160 188 -162
B 196 -160 214 -162
B 220 -160 222 -162
B 224 -160 246 -162
B 248 -160 250 -162
B 252 -160 272 -162
B 274 -160 276 -162
B 28 -162 30 -164
B 34 -162 42 -164
B 46 -162 68 -164
B 72 -162 102 -164
B 112 -162 134 -164
B 186 -162 188 -164
B 192 -162 214 -164
B 224 -162 246 -164
B 248 -162 278 -164
B 28 -164 32 -166
B 34 -164 42 -166
B 46 -164 68 -166
B 74 -164 102 -166
B 108 -164 134 -166
B 186 -164 212 -166
B 222 -164 246 -166
B 248 -164 274 -166
B 276 -164 278 -166
B 30 -166 32 -168
B 36 -166 42 -168
B 46 -166 70 -168
B 74 -166 104 -168
B 106 -166 134 -168
B 186 -166 212 -168
B 222 -166 246 -168
B 248 -166 280 -168
B 30 -168 32 -170
B 36 -168 42 -170
B 46 -168 70 -170
B 74 -168 104 -170
B 106 -168 134 -170
B 186 -168 212 -170
B 222 -168 276 -170
B 278 -168 280 -170
B 30 -170 34 -172
B 36 -170 42 -172
B 46 -170 70 -172
B 76 -170 104 -172
B 106 -170 134 -172
B 186 -170 212 -172
B 220 -170 248 -172
B 250 -170 276 -172
B 278 -170 282 -172
B 32 -172 34 -174
B 38 -172 42 -174
B 46 -172 72 -174
B 76 -172 104 -174
B 106 -172 134 -174
B 186 -172 210 -174
B 220 -172 248 -174
B 250 -172 274 -174
B 280 -172 282 -174
B 32 -174 34 -176
B 38 -174 42 -176
B 46 -174 72 -176
B 76 -174 134 -176
B 188 -174 210 -176
B 220 -174 248 -176
B 250 -174 272 -176
B 280 -174 284 -176
B 32 -176 36 -178
B 40 -176 42 -178
B 46 -176 74 -178
B 78 -176 106 -178
B 108 -176 132 -178
B 188 -176 210 -178
B 220 -176 248 -178
B 250 -176 270 -178
B 282 -176 284 -178
B 34 -178 36 -180
B 40 -178 42 -180
B 46 -178 74 -180
B 78 -178 106 -180
B 110 -178 132 -180
B 188 -178 208 -180
B 220 -178 246 -180
B 250 -178 268 -180
B 40 -180 42 -182
B 46 -180 76 -182
B 80 -180 108 -182
B 112 -180 130 -182
B 190 -180 208 -182
B 218 -180 244 -182
B 250 -180 268 -182
B 284 -180 286 -182
B 36 -182 38 -184
B 40 -182 42 -184
B 48 -182 76 -184
B 80 -182 108 -184
B 114 -182 130 -184
B 192 -182 204 -184
B 218 -182 242 -184
B 250 -182 264 -184
B 284 -182 286 -184
B 40 -184 42 -186
B 48 -184 78 -186
B 80 -184 108 -186
B 120 -184 126 -186
B 194 -184 202 -186
B 218 -184 236 -186
B 250 -184 262 -186
B 284 -184 286 -186
B 38 -186 42 -188
B 50 -186 78 -188
B 82 -186 108 -188
B 218 -186 236 -188
B 250 -186 272 -188
B 38 -188 44 -190
B 52 -188 80 -190
B 82 -188 108 -190
B 218 -188 236 -190
B 250 -188 276 -190
B 286 -188 288 -190
B 40 -190 44 -192
B 58 -190 66 -192
B 68 -190 108 -192
B 218 -190 240 -192
B 250 -190 278 -192
B 286 -190 290 -192
B 40 -192 44 -194
B 74 -192 108 -194
B 216 -192 242 -194
B 250 -192 278 -194
B 286 -192 290 -194
B 42 -194 44 -196
B 74 -194 108 -196
B 216 -194 244 -196
B 250 -194 280 -196
B 286 -194 288 -196
B 42 -196 44 -198
B 74 -196 110 -198
B 160 -196 164 -198
B 214 -196 218 -198
B 222 -196 246 -198
B 248 -196 280 -198
B 42 -198 46 -200
B 72 -198 112 -200
B 212 -198 216 -200
B 222 -198 246 -200
B 248 -198 280 -200
B 44 -200 46 -202
B 70 -200 116 -202
B 208 -200 214 -202
B 222 -200 282 -202
B 288 -200 290 -202
B 44 -202 46 -204
B 68 -202 122 -204
B 206 -202 210 -204
B 222 -202 282 -204
B 288 -202 290 -204
B 44 -204 48 -206
B 66 -204 126 -206
B 200 -204 204 -206
B 222 -204 280 -206
B 288 -204 290 -206
B 46 -206 48 -208
B 64 -206 122 -208
B 124 -206 132 -208
B 194 -206 202 -208
B 222 -206 224 -208
B 226 -206 278 -208
B 288 -206 290 -208
B 46 -208 50 -210
B 64 -208 118 -210
B 120 -208 126 -210
B 130 -208 140 -210
B 188 -208 196 -210
B 222 -208 224 -210
B 226 -208 276 -210
B 286 -208 290 -210
B 48 -210 50 -212
B 62 -210 122 -212
B 124 -210 126 -212
B 128 -210 146 -212
B 182 -210 190 -212
B 222 -210 224 -212
B 226 -210 274 -212
B 286 -210 288 -212
B 48 -212 52 -214
B 62 -212 120 -214
B 124 -212 160 -214
B 170 -212 184 -214
B 220 -212 224 -214
B 226 -212 274 -214
B 286 -212 288 -214
B 50 -214 52 -216
B 64 -214 122 -216
B 128 -214 150 -216
B 158 -214 188 -216
B 196 -214 208 -216
B 220 -214 272 -216
B 286 -214 288 -216
B 50 -216 54 -218
B 64 -216 124 -218
B 130 -216 152 -218
B 162 -216 190 -218
B 192 -216 198 -218
B 210 -216 212 -218
B 220 -216 222 -218
B 224 -216 272 -218
B 284 -216 288 -218
B 52 -218 56 -220
B 64 -218 126 -220
B 132 -218 154 -220
B 162 -218 164 -220
B 166 -218 194 -220
B 210 -218 216 -220
B 218 -218 222 -220
B 224 -218 272 -220
B 284 -218 286 -220
B 54 -220 58 -222
B 62 -220 128 -222
B 132 -220 156 -222
B 162 -220 164 -222
B 166 -220 192 -222
B 214 -220 264 -222
B 266 -220 272 -222
B 282 -220 286 -222
B 56 -222 58 -224
B 64 -222 130 -224
B 134 -222 158 -224
B 162 -222 164 -224
B 166 -222 178 -224
B 180 -222 188 -224
B 218 -222 220 -224
B 222 -222 262 -224
B 266 -222 268 -224
B 270 -222 272 -224
B 280 -222 284 -224
B 56 -224 60 -226
B 66 -224 132 -226
B 136 -224 164 -226
B 166 -224 178 -226
B 180 -224 188 -226
B 218 -224 256 -226
B 264 -224 268 -226
B 270 -224 272 -226
B 278 -224 284 -226
B 58 -226 62 -228
B 68 -226 132 -228
B 136 -226 158 -228
B 160 -226 162 -228
B 166 -226 186 -228
B 222 -226 244 -228
B 246 -226 248 -228
B 262 -226 272 -228
B 278 -226 282 -228
B 60 -228 66 -230
B 70 -228 134 -230
B 138 -228 162 -230
B 166 -228 184 -230
B 224 -228 234 -230
B 236 -228 242 -230
B 260 -228 264 -230
B 268 -228 280 -230
B 64 -230 68 -232
B 72 -230 136 -232
B 138 -230 162 -232
B 164 -230 178 -232
B 180 -230 184 -232
B 224 -230 230 -232
B 232 -230 240 -232
B 244 -230 246 -232
B 252 -230 262 -232
B 266 -230 276 -232
B 66 -232 74 -234
B 76 -232 142 -234
B 144 -232 178 -234
B 180 -232 182 -234
B 226 -232 258 -234
B 264 -232 268 -234
B 72 -234 74 -236
B 78 -234 142 -236
B 146 -234 182 -236
B 226 -234 230 -236
B 232 -234 242 -236
B 246 -234 248 -236
B 76 -236 80 -238
B 82 -236 132 -238
B 136 -236 142 -238
B 146 -236 182 -238
B 228 -236 230 -238
B 78 -238 84 -240
B 86 -238 128 -240
B 134 -238 142 -240
B 148 -238 178 -240
B 180 -238 182 -240
B 228 -238 230 -240
B 86 -240 122 -242
B 134 -240 142 -242
B 150 -240 176 -242
B 180 -240 184 -242
B 228 -240 230 -242
B 94 -242 118 -244
B 134 -242 142 -244
B 152 -242 176 -244
B 182 -242 184 -244
B 228 -242 232 -244
B 106 -244 112 -246
B 136 -244 142 -246
B 154 -244 176 -246
B 182 -244 186 -246
B 230 -244 234 -246
B 100 -246 110 -248
B 136 -246 142 -248
B 156 -246 174 -248
B 184 -246 188 -248
B 230 -246 236 -248
B 96 -248 108 -250
B 136 -248 140 -250
B 156 -248 174 -250
B 184 -248 190 -250
B 232 -248 240 -250
B 94 -250 108 -252
B 136 -250 140 -252
B 156 -250 172 -252
B 184 -250 192 -252
B 232 -250 234 -252
B 238 -250 242 -252
B 92 -252 106 -254
B 136 -252 140 -254
B 154 -252 172 -254
B 176 -252 194 -254
B 232 -252 234 -254
B 240 -252 246 -254
B 90 -254 104 -256
B 136 -254 138 -256
B 142 -254 178 -256
B 184 -254 190 -256
B 192 -254 196 -256
B 232 -254 234 -256
B 244 -254 248 -256
B 88 -256 104 -258
B 136 -256 146 -258
B 160 -256 172 -258
B 176 -256 180 -258
B 184 -256 190 -258
B 194 -256 198 -258
B 246 -256 250 -258
B 88 -258 102 -260
B 136 -258 140 -260
B 154 -258 162 -260
B 164 -258 168 -260
B 170 -258 178 -260
B 184 -258 186 -260
B 188 -258 190 -260
B 194 -258 200 -260
B 248 -258 252 -260
B 88 -260 102 -262
B 136 -260 138 -262
B 156 -260 158 -262
B 160 -260 166 -262
B 170 -260 174 -262
B 184 -260 186 -262
B 188 -260 190 -262
B 194 -260 196 -262
B 250 -260 254 -262
B 90 -262 100 -264
B 134 -262 138 -264
B 140 -262 142 -264
B 146 -262 186 -264
B 194 -262 196 -264
B 252 -262 256 -264
B 92 -264 100 -266
B 134 -264 186 -266
B 188 -264 190 -266
B 194 -264 196 -266
B 254 -264 258 -266
