l 7
B 214 -12 244 -14
B 206 -14 252 -16
B 200 -16 258 -18
B 196 -18 262 -20
B 192 -20 266 -22
B 188 -22 270 -24
B 186 -24 272 -26
B 182 -26 276 -28
B 180 -28 278 -30
B 178 -30 280 -32
B 174 -32 282 -34
B 174 -34 284 -36
B 172 -36 286 -38
B 170 -38 288 -40
B 168 -40 290 -42
B 166 -42 292 -44
B 166 -44 204 -46
B 212 -44 244 -46
B 252 -44 292 -46
B 164 -46 202 -48
B 216 -46 242 -48
B 256 -46 294 -48
B 162 -48 200 -50
B 218 -48 240 -50
B 256 -48 296 -50
B 162 -50 200 -52
B 222 -50 236 -52
B 256 -50 296 -52
B 160 -52 200 -54
B 224 -52 234 -54
B 256 -52 298 -54
B 160 -54 200 -56
B 226 -54 232 -56
B 256 -54 298 -56
B 158 -56 200 -58
B 256 -56 300 -58
B 158 -58 200 -60
B 256 -58 300 -60
B 156 -60 200 -62
B 256 -60 300 -62
B 156 -62 200 -64
B 256 -62 302 -64
B 154 -64 200 -66
B 256 -64 302 -66
B 154 -66 200 -68
B 256 -66 302 -68
B 154 -68 200 -70
B 256 -68 304 -70
B 154 -70 200 -72
B 256 -70 304 -72
B 154 -72 200 -74
B 256 -72 304 -74
B 152 -74 200 -76
B 256 -74 304 -76
B 152 -76 200 -78
B 256 -76 306 -78
B 152 -78 200 -80
B 228 -78 230 -80
B 256 -78 306 -80
B 152 -80 200 -82
B 226 -80 232 -82
B 256 -80 306 -82
B 152 -82 200 -84
B 222 -82 236 -84
B 256 -82 306 -84
B 152 -84 202 -86
B 220 -84 238 -86
B 256 -84 306 -86
B 152 -86 202 -88
B 218 -86 240 -88
B 256 -86 306 -88
B 152 -88 204 -90
B 214 -88 244 -90
B 254 -88 306 -90
B 152 -90 306 -92
B 152 -92 306 -94
B 152 -94 306 -96
B 152 -96 306 -98
B 152 -98 306 -100
B 152 -100 306 -102
B 152 -102 306 -104
B 152 -104 304 -106
B 154 -106 304 -108
B 154 -108 304 -110
B 154 -110 304 -112
B 154 -112 206 -114
B 216 -112 242 -114
B 252 -112 302 -114
B 156 -114 204 -116
B 216 -114 240 -116
B 254 -114 302 -116
B 156 -116 204 -118
B 218 -116 240 -118
B 254 -116 302 -118
B 68 -118 106 -120
B 156 -118 204 -120
B 216 -118 242 -120
B 252 -118 300 -120
B 354 -118 390 -120
B 62 -120 112 -122
B 158 -120 206 -122
B 216 -120 242 -122
B 252 -120 300 -122
B 346 -120 396 -122
B 56 -122 116 -124
B 158 -122 298 -124
B 342 -122 402 -124
B 52 -124 122 -126
B 160 -124 298 -126
B 338 -124 406 -126
B 48 -126 124 -128
B 160 -126 298 -128
B 334 -126 410 -128
B 46 -128 128 -130
B 162 -128 296 -130
B 330 -128 414 -130
B 42 -130 130 -132
B 162 -130 294 -132
B 328 -130 416 -132
B 40 -132 134 -134
B 164 -132 294 -134
B 324 -132 418 -134
B 36 -134 136 -136
B 166 -134 216 -136
B 220 -134 238 -136
B 242 -134 292 -136
B 322 -134 422 -136
B 34 -136 138 -138
B 168 -136 216 -138
B 222 -136 236 -138
B 242 -136 290 -138
B 320 -136 424 -138
B 32 -138 140 -140
B 168 -138 216 -140
B 224 -138 234 -140
B 240 -138 288 -140
B 318 -138 426 -140
B 30 -140 142 -142
B 170 -140 218 -142
B 240 -140 286 -142
B 316 -140 428 -142
B 28 -142 144 -144
B 172 -142 218 -144
B 238 -142 286 -144
B 314 -142 430 -144
B 26 -144 146 -146
B 174 -144 222 -146
B 234 -144 282 -146
B 312 -144 432 -146
B 26 -146 148 -148
B 176 -146 282 -148
B 310 -146 432 -148
B 24 -148 148 -150
B 178 -148 278 -150
B 310 -148 434 -150
B 22 -150 150 -152
B 182 -150 276 -152
B 308 -150 436 -152
B 22 -152 152 -154
B 184 -152 274 -154
B 306 -152 436 -154
B 20 -154 154 -156
B 186 -154 270 -156
B 306 -154 438 -156
B 18 -156 52 -158
B 58 -156 154 -158
B 190 -156 268 -158
B 304 -156 398 -158
B 404 -156 440 -158
B 18 -158 52 -160
B 66 -158 156 -160
B 194 -158 264 -160
B 302 -158 394 -160
B 408 -158 440 -160
B 16 -160 50 -162
B 70 -160 156 -162
B 196 -160 260 -162
B 302 -160 388 -162
B 408 -160 442 -162
B 16 -162 48 -164
B 78 -162 156 -164
B 198 -162 260 -164
B 302 -162 382 -164
B 410 -162 442 -164
B 14 -164 48 -166
B 82 -164 158 -166
B 198 -164 258 -166
B 300 -164 374 -166
B 410 -164 444 -166
B 14 -166 48 -168
B 90 -166 158 -168
B 200 -166 208 -168
B 218 -166 238 -168
B 250 -166 258 -168
B 300 -166 368 -168
B 410 -166 444 -168
B 14 -168 50 -170
B 94 -168 160 -170
B 200 -168 210 -170
B 248 -168 258 -170
B 298 -168 364 -170
B 408 -168 444 -170
B 12 -170 50 -172
B 94 -170 160 -172
B 200 -170 210 -172
B 248 -170 256 -172
B 298 -170 364 -172
B 408 -170 446 -172
B 12 -172 50 -174
B 94 -172 160 -174
B 202 -172 210 -174
B 248 -172 256 -174
B 298 -172 364 -174
B 408 -172 446 -174
B 12 -174 52 -176
B 94 -174 162 -176
B 202 -174 212 -176
B 246 -174 256 -176
B 296 -174 364 -176
B 406 -174 446 -176
B 10 -176 52 -178
B 94 -176 162 -178
B 202 -176 212 -178
B 246 -176 254 -178
B 296 -176 364 -178
B 406 -176 448 -178
B 10 -178 52 -180
B 92 -178 162 -180
B 204 -178 212 -180
B 246 -178 254 -180
B 296 -178 366 -180
B 406 -178 448 -180
B 10 -180 54 -182
B 90 -180 114 -182
B 122 -180 162 -182
B 204 -180 214 -182
B 244 -180 252 -182
B 296 -180 336 -182
B 344 -180 368 -182
B 404 -180 448 -182
B 10 -182 54 -184
B 88 -182 112 -184
B 124 -182 162 -184
B 206 -182 214 -184
B 244 -182 252 -184
B 296 -182 334 -184
B 346 -182 370 -184
B 404 -182 448 -184
B 10 -184 54 -186
B 86 -184 112 -186
B 124 -184 164 -186
B 206 -184 214 -186
B 242 -184 252 -186
B 294 -184 334 -186
B 346 -184 374 -186
B 404 -184 448 -186
B 10 -186 52 -188
B 82 -186 112 -188
B 124 -186 164 -188
B 206 -186 214 -188
B 242 -186 252 -188
B 294 -186 334 -188
B 346 -186 376 -188
B 406 -186 448 -188
B 10 -188 50 -190
B 80 -188 112 -190
B 124 -188 166 -190
B 248 -188 250 -190
B 292 -188 334 -190
B 346 -188 380 -190
B 408 -188 448 -190
B 10 -190 46 -192
B 76 -190 114 -192
B 122 -190 170 -192
B 288 -190 336 -192
B 344 -190 382 -192
B 410 -190 448 -192
B 8 -192 44 -194
B 76 -192 172 -194
B 286 -192 382 -194
B 414 -192 450 -194
B 8 -194 40 -196
B 76 -194 174 -196
B 284 -194 382 -196
B 418 -194 450 -196
B 8 -196 38 -198
B 78 -196 132 -198
B 134 -196 178 -198
B 280 -196 380 -198
B 420 -196 450 -198
B 10 -198 36 -200
B 78 -198 132 -200
B 136 -198 180 -200
B 278 -198 320 -200
B 326 -198 380 -200
B 420 -198 450 -200
B 10 -200 36 -202
B 80 -200 132 -202
B 140 -200 164 -202
B 168 -200 182 -202
B 276 -200 290 -202
B 294 -200 318 -202
B 324 -200 380 -202
B 422 -200 448 -202
B 10 -202 36 -204
B 80 -202 134 -204
B 140 -202 164 -204
B 170 -202 186 -204
B 272 -202 288 -204
B 294 -202 318 -204
B 324 -202 378 -204
B 422 -202 448 -204
B 10 -204 36 -206
B 80 -204 134 -206
B 142 -204 164 -206
B 174 -204 186 -206
B 272 -204 284 -206
B 294 -204 316 -206
B 324 -204 378 -206
B 422 -204 448 -206
B 10 -206 38 -208
B 80 -206 134 -208
B 142 -206 162 -208
B 176 -206 186 -208
B 272 -206 282 -208
B 296 -206 316 -208
B 324 -206 378 -208
B 420 -206 448 -208
B 10 -208 42 -210
B 82 -208 134 -210
B 142 -208 162 -210
B 178 -208 184 -210
B 274 -208 280 -210
B 296 -208 316 -210
B 324 -208 376 -210
B 418 -208 448 -210
B 10 -210 46 -212
B 82 -210 134 -212
B 142 -210 162 -212
B 180 -210 182 -212
B 276 -210 278 -212
B 296 -210 316 -212
B 324 -210 376 -212
B 410 -210 448 -212
B 10 -212 52 -214
B 82 -212 134 -214
B 142 -212 162 -214
B 296 -212 316 -214
B 324 -212 376 -214
B 406 -212 448 -214
B 12 -214 58 -216
B 82 -214 104 -216
B 108 -214 132 -216
B 140 -214 162 -216
B 296 -214 318 -216
B 326 -214 376 -216
B 398 -214 446 -216
B 12 -216 66 -218
B 80 -216 102 -218
B 112 -216 130 -218
B 140 -216 160 -218
B 298 -216 320 -218
B 328 -216 346 -218
B 356 -216 378 -218
B 394 -216 446 -218
B 12 -218 72 -220
B 78 -218 100 -220
B 112 -218 126 -220
B 136 -218 160 -220
B 298 -218 320 -220
B 334 -218 346 -220
B 358 -218 380 -220
B 388 -218 446 -220
B 14 -220 100 -222
B 114 -220 126 -222
B 132 -220 160 -222
B 298 -220 326 -222
B 332 -220 346 -222
B 358 -220 444 -222
B 14 -222 100 -224
B 112 -222 160 -224
B 298 -222 346 -224
B 358 -222 444 -224
B 14 -224 102 -226
B 112 -224 158 -226
B 300 -224 346 -226
B 356 -224 444 -226
B 16 -226 156 -228
B 302 -226 442 -228
B 16 -228 156 -230
B 302 -228 442 -230
B 18 -230 154 -232
B 302 -230 440 -232
B 18 -232 154 -234
B 304 -232 440 -234
B 20 -234 152 -236
B 306 -234 438 -236
B 22 -236 152 -238
B 306 -236 436 -238
B 22 -238 174 -240
B 284 -238 436 -240
B 24 -240 174 -242
B 284 -240 434 -242
B 26 -242 174 -244
B 284 -242 432 -244
B 26 -244 174 -246
B 284 -244 432 -246
B 28 -246 164 -248
B 286 -246 288 -248
B 290 -246 294 -248
B 296 -246 430 -248
B 30 -248 142 -250
B 316 -248 428 -250
B 32 -250 140 -252
B 318 -250 426 -252
B 34 -252 138 -254
B 320 -252 422 -254
B 36 -254 136 -256
B 322 -254 422 -256
B 40 -256 134 -258
B 324 -256 418 -258
B 42 -258 130 -260
B 328 -258 416 -260
B 46 -260 128 -262
B 330 -260 412 -262
B 48 -262 124 -264
B 334 -262 410 -264
B 52 -264 120 -266
B 338 -264 406 -266
B 56 -266 116 -268
B 342 -266 402 -268
B 62 -268 110 -270
B 180 -268 184 -270
B 274 -268 276 -270
B 346 -268 396 -270
B 68 -270 104 -272
B 176 -270 184 -272
B 274 -270 280 -272
B 354 -270 390 -272
B 174 -272 186 -274
B 272 -272 282 -274
B 170 -274 186 -276
B 270 -274 286 -276
B 168 -276 184 -278
B 272 -276 288 -278
B 164 -278 180 -280
B 276 -278 292 -280
B 162 -280 178 -282
B 278 -280 294 -282
B 158 -282 174 -284
B 282 -282 298 -284
B 126 -284 152 -286
B 156 -284 172 -286
B 284 -284 302 -286
B 304 -284 330 -286
B 118 -286 170 -288
B 286 -286 338 -288
B 112 -288 166 -290
B 288 -288 346 -290
B 106 -290 172 -292
B 206 -290 212 -292
B 244 -290 248 -292
B 286 -290 348 -292
B 102 -292 176 -294
B 206 -292 214 -294
B 242 -292 250 -294
B 282 -292 354 -294
B 100 -294 178 -296
B 206 -294 214 -296
B 242 -294 250 -296
B 278 -294 356 -296
B 96 -296 182 -298
B 206 -296 214 -298
B 242 -296 250 -298
B 274 -296 360 -298
B 94 -298 184 -300
B 204 -298 214 -300
B 242 -298 252 -300
B 270 -298 362 -300
B 90 -300 188 -302
B 204 -300 212 -302
B 244 -300 252 -302
B 268 -300 366 -302
B 88 -302 190 -304
B 204 -302 212 -304
B 244 -302 252 -304
B 266 -302 368 -304
B 86 -304 192 -306
B 202 -304 212 -306
B 244 -304 254 -306
B 264 -304 370 -306
B 84 -306 194 -308
B 202 -306 212 -308
B 244 -306 254 -308
B 262 -306 372 -308
B 82 -308 196 -310
B 202 -308 210 -310
B 246 -308 254 -310
B 260 -308 374 -310
B 80 -310 198 -312
B 200 -310 210 -312
B 246 -310 256 -312
B 258 -310 376 -312
B 78 -312 210 -314
B 246 -312 378 -314
B 78 -314 158 -316
B 172 -314 208 -316
B 246 -314 284 -316
B 298 -314 378 -316
B 76 -316 156 -318
B 174 -316 208 -318
B 248 -316 280 -318
B 300 -316 380 -318
B 74 -318 154 -320
B 160 -318 166 -320
B 176 -318 208 -320
B 248 -318 280 -320
B 290 -318 298 -320
B 300 -318 382 -320
B 72 -320 170 -322
B 178 -320 206 -322
B 248 -320 278 -322
B 286 -320 382 -322
B 72 -322 170 -324
B 178 -322 206 -324
B 248 -322 278 -324
B 286 -322 384 -324
B 70 -324 136 -326
B 144 -324 172 -326
B 178 -324 206 -326
B 248 -324 278 -326
B 284 -324 310 -326
B 320 -324 386 -326
B 70 -326 134 -328
B 146 -326 172 -328
B 178 -326 208 -328
B 248 -326 278 -328
B 282 -326 310 -328
B 322 -326 386 -328
B 68 -328 134 -330
B 146 -328 174 -330
B 178 -328 210 -330
B 246 -328 278 -330
B 282 -328 310 -330
B 322 -328 388 -330
B 68 -330 134 -332
B 146 -330 174 -332
B 178 -330 210 -332
B 246 -330 278 -332
B 282 -330 310 -332
B 322 -330 388 -332
B 66 -332 134 -334
B 146 -332 210 -334
B 246 -332 310 -334
B 322 -332 388 -334
B 66 -334 140 -336
B 142 -334 212 -336
B 244 -334 314 -336
B 316 -334 390 -336
B 66 -336 212 -338
B 244 -336 390 -338
B 64 -338 212 -340
B 242 -338 390 -340
B 64 -340 214 -342
B 242 -340 392 -342
B 64 -342 214 -344
B 242 -342 392 -344
B 64 -344 168 -346
B 172 -344 214 -346
B 242 -344 392 -346
B 62 -346 164 -348
B 174 -346 214 -348
B 240 -346 282 -348
B 292 -346 392 -348
B 62 -348 114 -350
B 124 -348 164 -350
B 176 -348 216 -350
B 240 -348 280 -350
B 292 -348 332 -350
B 342 -348 394 -350
B 62 -350 112 -352
B 126 -350 162 -352
B 176 -350 216 -352
B 240 -350 280 -352
B 292 -350 330 -352
B 344 -350 394 -352
B 62 -352 110 -354
B 126 -352 164 -354
B 176 -352 216 -354
B 240 -352 280 -354
B 292 -352 330 -354
B 344 -352 394 -354
B 62 -354 110 -356
B 128 -354 164 -356
B 174 -354 216 -356
B 240 -354 282 -356
B 290 -354 328 -356
B 346 -354 394 -356
B 62 -356 108 -358
B 128 -356 216 -358
B 240 -356 328 -358
B 348 -356 394 -358
B 62 -358 106 -360
B 128 -358 216 -360
B 240 -358 328 -360
B 350 -358 394 -360
B 62 -360 106 -362
B 130 -360 216 -362
B 240 -360 326 -362
B 350 -360 394 -362
B 62 -362 104 -364
B 130 -362 216 -364
B 240 -362 326 -364
B 352 -362 394 -364
B 62 -364 102 -366
B 130 -364 216 -366
B 240 -364 326 -366
B 354 -364 394 -366
B 62 -366 100 -368
B 130 -366 216 -368
B 240 -366 326 -368
B 356 -366 394 -368
B 62 -368 100 -370
B 132 -368 216 -370
B 240 -368 324 -370
B 356 -368 394 -370
B 62 -370 98 -372
B 132 -370 216 -372
B 240 -370 324 -372
B 358 -370 394 -372
B 62 -372 96 -374
B 156 -372 216 -374
B 240 -372 300 -374
B 360 -372 394 -374
B 62 -374 94 -376
B 158 -374 216 -376
B 240 -374 298 -376
B 360 -374 394 -376
B 62 -376 94 -378
B 160 -376 214 -378
B 242 -376 296 -378
B 362 -376 392 -378
B 64 -378 92 -380
B 160 -378 214 -380
B 242 -378 296 -380
B 364 -378 392 -380
B 64 -380 92 -382
B 160 -380 214 -382
B 242 -380 296 -382
B 364 -380 392 -382
B 64 -382 92 -384
B 158 -382 214 -384
B 242 -382 298 -384
B 364 -382 392 -384
B 66 -384 94 -386
B 156 -384 212 -386
B 242 -384 300 -386
B 362 -384 390 -386
B 66 -386 96 -388
B 156 -386 212 -388
B 244 -386 300 -388
B 360 -386 390 -388
B 66 -388 120 -390
B 154 -388 212 -390
B 244 -388 302 -390
B 336 -388 390 -390
B 68 -390 120 -392
B 152 -390 210 -392
B 246 -390 304 -392
B 336 -390 388 -392
B 68 -392 120 -394
B 152 -392 210 -394
B 246 -392 306 -394
B 336 -392 388 -394
B 68 -394 122 -396
B 150 -394 210 -396
B 246 -394 306 -396
B 334 -394 388 -396
B 70 -396 122 -398
B 148 -396 208 -398
B 248 -396 308 -398
B 334 -396 386 -398
B 70 -398 122 -400
B 146 -398 208 -400
B 248 -398 310 -400
B 334 -398 386 -400
B 72 -400 124 -402
B 144 -400 206 -402
B 250 -400 310 -402
B 332 -400 384 -402
B 74 -402 124 -404
B 144 -402 204 -404
B 250 -402 312 -404
B 332 -402 382 -404
B 74 -404 124 -406
B 142 -404 204 -406
B 252 -404 314 -406
B 332 -404 382 -406
B 76 -406 126 -408
B 140 -406 202 -408
B 254 -406 316 -408
B 330 -406 380 -408
B 78 -408 126 -410
B 140 -408 200 -410
B 256 -408 316 -410
B 330 -408 378 -410
B 78 -410 130 -412
B 138 -410 200 -412
B 256 -410 318 -412
B 326 -410 378 -412
B 80 -412 198 -414
B 258 -412 374 -414
B 82 -414 196 -416
B 260 -414 374 -416
B 84 -416 194 -418
B 262 -416 372 -418
B 86 -418 192 -420
B 264 -418 370 -420
B 88 -420 190 -422
B 266 -420 368 -422
B 90 -422 188 -424
B 268 -422 366 -424
B 94 -424 184 -426
B 272 -424 362 -426
B 96 -426 182 -428
B 274 -426 360 -428
B 100 -428 178 -430
B 276 -428 356 -430
B 102 -430 176 -432
B 280 -430 354 -432
B 106 -432 172 -434
B 286 -432 348 -434
B 110 -434 166 -436
B 290 -434 344 -436
B 118 -436 160 -438
B 296 -436 338 -438
B 126 -438 152 -440
B 304 -438 330 -440
