l 7
B 510 -10 520 -12
B 504 -12 524 -14
B 500 -14 526 -16
B 498 -16 528 -18
B 496 -18 528 -20
B 494 -20 530 -22
B 494 -22 530 -24
B 492 -24 532 -26
B 492 -26 532 -28
B 490 -28 532 -30
B 490 -30 532 -32
B 490 -32 532 -34
B 490 -34 532 -36
B 490 -36 532 -38
B 662 -36 670 -38
B 490 -38 532 -40
B 658 -38 676 -40
B 490 -40 530 -42
B 656 -40 680 -42
B 492 -42 530 -44
B 654 -42 682 -44
B 492 -44 530 -46
B 652 -44 684 -46
B 494 -46 528 -48
B 652 -46 686 -48
B 494 -48 528 -50
B 652 -48 688 -50
B 496 -50 526 -52
B 650 -50 690 -52
B 498 -52 524 -54
B 650 -52 692 -54
B 500 -54 522 -56
B 650 -54 692 -56
B 504 -56 520 -58
B 650 -56 694 -58
B 650 -58 694 -60
B 648 -60 694 -62
B 648 -62 696 -64
B 648 -64 696 -66
B 648 -66 696 -68
B 648 -68 696 -70
B 648 -70 696 -72
B 650 -72 694 -74
B 650 -74 694 -76
B 650 -76 692 -78
B 652 -78 690 -80
B 654 -80 686 -82
B 654 -82 682 -84
B 656 -84 674 -86
B 496 -86 510 -88
B 492 -88 514 -90
B 488 -90 518 -92
B 486 -92 520 -94
B 484 -94 522 -96
B 482 -96 522 -98
B 482 -98 522 -100
B 480 -100 522 -102
B 480 -102 522 -104
B 478 -104 522 -106
B 478 -106 522 -108
B 478 -108 522 -110
B 478 -110 520 -112
B 478 -112 520 -114
B 478 -114 520 -116
B 478 -116 518 -118
B 478 -118 518 -120
B 478 -120 516 -122
B 480 -122 514 -124
B 484 -124 512 -126
B 486 -126 510 -128
B 636 -126 640 -128
B 492 -128 504 -130
B 626 -128 648 -130
B 622 -130 650 -132
B 620 -132 650 -134
B 618 -134 652 -136
B 616 -136 652 -138
B 616 -138 652 -140
B 614 -140 652 -142
B 614 -142 652 -144
B 614 -144 652 -146
B 614 -146 652 -148
B 614 -148 652 -150
B 614 -150 652 -152
B 614 -152 650 -154
B 614 -154 650 -156
B 614 -156 648 -158
B 616 -158 646 -160
B 616 -160 644 -162
B 486 -162 500 -164
B 618 -162 642 -164
B 484 -164 502 -166
B 622 -164 640 -166
B 482 -166 504 -168
B 480 -168 504 -170
B 478 -170 506 -172
B 478 -172 506 -174
B 748 -172 768 -174
B 476 -174 506 -176
B 744 -174 772 -176
B 476 -176 506 -178
B 742 -176 774 -178
B 476 -178 506 -180
B 740 -178 776 -180
B 476 -180 504 -182
B 740 -180 776 -182
B 478 -182 504 -184
B 738 -182 778 -184
B 478 -184 502 -186
B 738 -184 778 -186
B 480 -186 500 -188
B 736 -186 778 -188
B 480 -188 498 -190
B 736 -188 778 -190
B 736 -190 778 -192
B 736 -192 776 -194
B 736 -194 776 -196
B 736 -196 776 -198
B 738 -198 776 -200
B 738 -200 774 -202
B 740 -202 774 -204
B 744 -204 774 -206
B 748 -206 772 -208
B 590 -208 598 -210
B 752 -208 770 -210
B 586 -210 602 -212
B 584 -212 604 -214
B 582 -214 604 -216
B 582 -216 604 -218
B 580 -218 606 -220
B 580 -220 606 -222
B 580 -222 606 -224
B 580 -224 606 -226
B 706 -224 718 -226
B 580 -226 606 -228
B 702 -226 722 -228
B 580 -228 606 -230
B 700 -228 726 -230
B 580 -230 606 -232
B 698 -230 726 -232
B 582 -232 604 -234
B 696 -232 726 -234
B 582 -234 604 -236
B 694 -234 726 -236
B 584 -236 602 -238
B 694 -236 726 -238
B 586 -238 600 -240
B 692 -238 726 -240
B 692 -240 726 -242
B 692 -242 726 -244
B 692 -244 726 -246
B 690 -246 726 -248
B 342 -248 406 -250
B 690 -248 726 -250
B 328 -250 418 -252
B 692 -250 726 -252
B 318 -252 428 -254
B 692 -252 724 -254
B 308 -254 438 -256
B 692 -254 724 -256
B 300 -256 444 -258
B 694 -256 722 -258
B 294 -258 450 -260
B 694 -258 720 -260
B 288 -260 456 -262
B 696 -260 718 -262
B 282 -262 462 -264
B 698 -262 714 -264
B 276 -264 466 -266
B 270 -266 470 -268
B 266 -268 474 -270
B 648 -268 664 -270
B 262 -270 478 -272
B 644 -270 666 -272
B 256 -272 482 -274
B 642 -272 666 -274
B 252 -274 486 -276
B 640 -274 666 -276
B 248 -276 488 -278
B 638 -276 668 -278
B 244 -278 492 -280
B 638 -278 668 -280
B 242 -280 494 -282
B 638 -280 668 -282
B 238 -282 498 -284
B 638 -282 668 -284
B 234 -284 500 -286
B 638 -284 668 -286
B 232 -286 502 -288
B 638 -286 668 -288
B 228 -288 506 -290
B 638 -288 668 -290
B 226 -290 508 -292
B 638 -290 666 -292
B 222 -292 510 -294
B 640 -292 666 -294
B 220 -294 512 -296
B 642 -294 666 -296
B 218 -296 514 -298
B 646 -296 666 -298
B 214 -298 516 -300
B 652 -298 664 -300
B 212 -300 518 -302
B 210 -302 520 -304
B 208 -304 522 -306
B 206 -306 524 -308
B 204 -308 526 -310
B 202 -310 528 -312
B 200 -312 530 -314
B 198 -314 530 -316
B 196 -316 532 -318
B 194 -318 534 -320
B 192 -320 536 -322
B 190 -322 538 -324
B 188 -324 540 -326
B 188 -326 542 -328
B 186 -328 544 -330
B 184 -330 546 -332
B 184 -332 548 -334
B 182 -334 550 -336
B 180 -336 550 -338
B 180 -338 552 -340
B 178 -340 554 -342
B 178 -342 556 -344
B 176 -344 558 -346
B 176 -346 560 -348
B 174 -348 562 -350
B 174 -350 562 -352
B 172 -352 564 -354
B 172 -354 566 -356
B 172 -356 568 -358
B 170 -358 570 -360
B 170 -360 572 -362
B 170 -362 572 -364
B 168 -364 574 -366
B 168 -366 576 -368
B 168 -368 578 -370
B 166 -370 580 -372
B 166 -372 580 -374
B 166 -374 582 -376
B 166 -376 584 -378
B 164 -378 584 -380
B 164 -380 586 -382
B 164 -382 588 -384
B 164 -384 588 -386
B 162 -386 590 -388
B 162 -388 592 -390
B 162 -390 592 -392
B 162 -392 594 -394
B 162 -394 378 -396
B 384 -394 594 -396
B 162 -396 360 -398
B 402 -396 596 -398
B 162 -398 352 -400
B 408 -398 596 -400
B 162 -400 344 -402
B 414 -400 598 -402
B 162 -402 338 -404
B 422 -402 598 -404
B 162 -404 334 -406
B 426 -404 600 -406
B 162 -406 328 -408
B 430 -406 600 -408
B 162 -408 324 -410
B 434 -408 600 -410
B 162 -410 320 -412
B 438 -410 602 -412
B 162 -412 316 -414
B 440 -412 602 -414
B 162 -414 312 -416
B 442 -414 602 -416
B 162 -416 310 -418
B 444 -416 604 -418
B 162 -418 306 -420
B 446 -418 604 -420
B 162 -420 302 -422
B 448 -420 604 -422
B 164 -422 300 -424
B 448 -422 606 -424
B 164 -424 296 -426
B 450 -424 606 -426
B 164 -426 294 -428
B 452 -426 606 -428
B 164 -428 290 -430
B 452 -428 608 -430
B 166 -430 288 -432
B 454 -430 608 -432
B 166 -432 184 -434
B 192 -432 286 -434
B 454 -432 608 -434
B 166 -434 180 -436
B 198 -434 282 -436
B 456 -434 610 -436
B 164 -436 176 -438
B 202 -436 280 -438
B 456 -436 610 -438
B 158 -438 172 -440
B 204 -438 278 -440
B 366 -438 384 -440
B 458 -438 610 -440
B 152 -440 166 -442
B 208 -440 276 -442
B 362 -440 388 -442
B 458 -440 610 -442
B 146 -442 162 -444
B 210 -442 274 -444
B 360 -442 390 -444
B 458 -442 612 -444
B 142 -444 158 -446
B 212 -444 270 -446
B 358 -444 392 -446
B 458 -444 612 -446
B 136 -446 154 -448
B 214 -446 268 -448
B 356 -446 394 -448
B 460 -446 612 -448
B 132 -448 150 -450
B 216 -448 266 -450
B 356 -448 396 -450
B 460 -448 614 -450
B 126 -450 146 -452
B 218 -450 264 -452
B 354 -450 396 -452
B 460 -450 614 -452
B 120 -452 140 -454
B 220 -452 262 -454
B 354 -452 398 -454
B 460 -452 614 -454
B 116 -454 136 -456
B 222 -454 260 -456
B 354 -454 398 -456
B 462 -454 614 -456
B 112 -456 132 -458
B 224 -456 258 -458
B 354 -456 398 -458
B 462 -456 614 -458
B 108 -458 128 -460
B 224 -458 256 -460
B 354 -458 398 -460
B 462 -458 616 -460
B 102 -460 124 -462
B 226 -460 254 -462
B 354 -460 398 -462
B 462 -460 616 -462
B 98 -462 120 -464
B 228 -462 252 -464
B 356 -462 398 -464
B 462 -462 616 -464
B 94 -464 114 -466
B 228 -464 250 -466
B 358 -464 398 -466
B 462 -464 618 -466
B 90 -466 110 -468
B 230 -466 248 -468
B 360 -466 398 -468
B 462 -466 618 -468
B 86 -468 106 -470
B 232 -468 246 -470
B 364 -468 394 -470
B 462 -468 618 -470
B 82 -470 102 -472
B 232 -470 246 -472
B 368 -470 392 -472
B 462 -470 618 -472
B 78 -472 98 -474
B 234 -472 244 -474
B 378 -472 382 -474
B 462 -472 620 -474
B 74 -474 94 -476
B 234 -474 242 -476
B 462 -474 620 -476
B 72 -476 90 -478
B 236 -476 240 -478
B 462 -476 620 -478
B 68 -478 86 -480
B 236 -478 240 -480
B 462 -478 622 -480
B 66 -480 82 -482
B 238 -480 240 -482
B 462 -480 622 -482
B 62 -482 80 -484
B 238 -482 242 -484
B 462 -482 622 -484
B 60 -484 76 -486
B 240 -484 242 -486
B 462 -484 622 -486
B 56 -486 72 -488
B 240 -486 244 -488
B 462 -486 624 -488
B 54 -488 68 -490
B 242 -488 246 -490
B 462 -488 624 -490
B 50 -490 66 -492
B 244 -490 248 -492
B 460 -490 624 -492
B 48 -492 62 -494
B 244 -492 248 -494
B 460 -492 626 -494
B 46 -494 58 -496
B 246 -494 250 -496
B 460 -494 626 -496
B 42 -496 56 -498
B 248 -496 252 -498
B 460 -496 626 -498
B 40 -498 52 -500
B 248 -498 254 -500
B 460 -498 626 -500
B 38 -500 50 -502
B 250 -500 254 -502
B 458 -500 628 -502
B 36 -502 48 -504
B 250 -502 256 -504
B 458 -502 628 -504
B 34 -504 44 -506
B 252 -504 258 -506
B 458 -504 628 -506
B 32 -506 42 -508
B 252 -506 260 -508
B 458 -506 628 -508
B 30 -508 38 -510
B 254 -508 260 -510
B 456 -508 630 -510
B 28 -510 36 -512
B 254 -510 262 -512
B 456 -510 630 -512
B 26 -512 34 -514
B 256 -512 264 -514
B 454 -512 630 -514
B 24 -514 32 -516
B 256 -514 264 -516
B 454 -514 630 -516
B 22 -516 30 -518
B 258 -516 266 -518
B 452 -516 630 -518
B 22 -518 26 -520
B 258 -518 268 -520
B 452 -518 632 -520
B 20 -520 24 -522
B 260 -520 268 -522
B 450 -520 632 -522
B 18 -522 24 -524
B 260 -522 270 -524
B 448 -522 632 -524
B 16 -524 26 -526
B 262 -524 270 -526
B 446 -524 632 -526
B 16 -526 30 -528
B 262 -526 272 -528
B 444 -526 632 -528
B 18 -528 34 -530
B 262 -528 274 -530
B 442 -528 634 -530
B 22 -530 38 -532
B 264 -530 274 -532
B 440 -530 634 -532
B 26 -532 42 -534
B 264 -532 276 -534
B 438 -532 634 -534
B 28 -534 46 -536
B 266 -534 276 -536
B 436 -534 634 -536
B 32 -536 50 -538
B 266 -536 278 -538
B 434 -536 634 -538
B 36 -538 54 -540
B 268 -538 278 -540
B 432 -538 636 -540
B 40 -540 58 -542
B 268 -540 280 -542
B 430 -540 636 -542
B 44 -542 64 -544
B 270 -542 280 -544
B 428 -542 636 -544
B 48 -544 68 -546
B 270 -544 282 -546
B 426 -544 636 -546
B 54 -546 74 -548
B 270 -546 282 -548
B 424 -546 636 -548
B 58 -548 80 -550
B 272 -548 284 -550
B 422 -548 636 -550
B 64 -550 86 -552
B 272 -550 284 -552
B 420 -550 638 -552
B 70 -552 92 -554
B 274 -552 286 -554
B 416 -552 638 -554
B 74 -554 98 -556
B 274 -554 286 -556
B 414 -554 638 -556
B 80 -556 104 -558
B 274 -556 288 -558
B 412 -556 638 -558
B 86 -558 110 -560
B 276 -558 288 -560
B 410 -558 638 -560
B 94 -560 116 -562
B 276 -560 288 -562
B 408 -560 638 -562
B 100 -562 122 -564
B 278 -562 290 -564
B 404 -562 638 -564
B 106 -564 130 -566
B 278 -564 290 -566
B 402 -564 640 -566
B 112 -566 136 -568
B 278 -566 290 -568
B 400 -566 640 -568
B 118 -568 142 -570
B 280 -568 290 -570
B 398 -568 640 -570
B 124 -570 148 -572
B 280 -570 292 -572
B 394 -570 640 -572
B 130 -572 154 -574
B 280 -572 292 -574
B 392 -572 640 -574
B 136 -574 162 -576
B 282 -574 292 -576
B 390 -574 640 -576
B 142 -576 168 -578
B 282 -576 292 -578
B 386 -576 640 -578
B 146 -578 174 -580
B 284 -578 292 -580
B 384 -578 642 -580
B 146 -580 178 -582
B 284 -580 292 -582
B 382 -580 642 -582
B 146 -582 184 -584
B 284 -582 294 -584
B 378 -582 642 -584
B 144 -584 190 -586
B 286 -584 294 -586
B 376 -584 642 -586
B 142 -586 194 -588
B 286 -586 294 -588
B 374 -586 642 -588
B 140 -588 162 -590
B 172 -588 200 -590
B 286 -588 294 -590
B 370 -588 642 -590
B 138 -590 154 -592
B 182 -590 204 -592
B 288 -590 294 -592
B 368 -590 642 -592
B 136 -592 148 -594
B 188 -592 208 -594
B 288 -592 292 -594
B 366 -592 644 -594
B 134 -594 144 -596
B 192 -594 212 -596
B 288 -594 292 -596
B 362 -594 644 -596
B 132 -596 140 -598
B 194 -596 216 -598
B 286 -596 292 -598
B 360 -596 644 -598
B 130 -598 136 -600
B 196 -598 220 -600
B 284 -598 292 -600
B 358 -598 644 -600
B 128 -600 134 -602
B 194 -600 216 -602
B 282 -600 292 -602
B 354 -600 644 -602
B 124 -602 130 -604
B 190 -602 214 -604
B 280 -602 290 -604
B 352 -602 644 -604
B 122 -604 128 -606
B 188 -604 210 -606
B 278 -604 290 -606
B 348 -604 644 -606
B 120 -606 126 -608
B 184 -606 206 -608
B 276 -606 290 -608
B 346 -606 646 -608
B 116 -608 124 -610
B 180 -608 204 -610
B 274 -608 288 -610
B 344 -608 646 -610
B 114 -610 122 -612
B 178 -610 200 -612
B 272 -610 286 -612
B 340 -610 646 -612
B 112 -612 118 -614
B 174 -612 198 -614
B 270 -612 286 -614
B 338 -612 646 -614
B 110 -614 116 -616
B 170 -614 194 -616
B 268 -614 284 -616
B 334 -614 646 -616
B 106 -616 114 -618
B 168 -616 190 -618
B 266 -616 282 -618
B 332 -616 646 -618
B 104 -618 112 -620
B 164 -618 188 -620
B 264 -618 280 -620
B 328 -618 648 -620
B 102 -620 110 -622
B 160 -620 184 -622
B 262 -620 278 -622
B 326 -620 648 -622
B 98 -622 108 -624
B 156 -622 180 -624
B 260 -622 278 -624
B 324 -622 648 -624
B 96 -624 106 -626
B 152 -624 176 -626
B 258 -624 276 -626
B 320 -624 648 -626
B 94 -626 106 -628
B 150 -626 174 -628
B 256 -626 272 -628
B 318 -626 648 -628
B 92 -628 104 -630
B 146 -628 170 -630
B 254 -628 270 -630
B 314 -628 648 -630
B 88 -630 102 -632
B 142 -630 166 -632
B 250 -630 268 -632
B 312 -630 648 -632
B 86 -632 100 -634
B 138 -632 162 -634
B 248 -632 266 -634
B 308 -632 650 -634
B 84 -634 98 -636
B 134 -634 158 -636
B 246 -634 264 -636
B 306 -634 650 -636
B 82 -636 96 -638
B 130 -636 154 -638
B 244 -636 260 -638
B 302 -636 650 -638
B 80 -638 94 -640
B 126 -638 150 -640
B 244 -638 258 -640
B 300 -638 650 -640
B 80 -640 94 -642
B 122 -640 146 -642
B 242 -640 256 -642
B 296 -640 650 -642
B 78 -642 92 -644
B 118 -642 142 -644
B 240 -642 252 -644
B 294 -642 650 -644
B 76 -644 90 -646
B 114 -644 138 -646
B 212 -644 218 -646
B 238 -644 250 -646
B 290 -644 652 -646
B 74 -646 88 -648
B 110 -646 134 -648
B 202 -646 216 -648
B 236 -646 246 -648
B 288 -646 652 -648
B 72 -648 86 -650
B 106 -648 132 -650
B 194 -648 212 -650
B 234 -648 244 -650
B 284 -648 652 -650
B 72 -650 84 -652
B 102 -650 128 -652
B 186 -650 208 -652
B 234 -650 240 -652
B 282 -650 652 -652
B 70 -652 84 -654
B 96 -652 124 -654
B 180 -652 204 -654
B 232 -652 238 -654
B 278 -652 654 -654
B 70 -654 82 -656
B 92 -654 120 -656
B 174 -654 200 -656
B 230 -654 234 -656
B 276 -654 654 -656
B 68 -656 80 -658
B 88 -656 114 -658
B 168 -656 196 -658
B 230 -656 232 -658
B 272 -656 654 -658
B 68 -658 78 -660
B 84 -658 110 -660
B 162 -658 190 -660
B 270 -658 654 -660
B 66 -660 76 -662
B 80 -660 106 -662
B 154 -660 186 -662
B 266 -660 654 -662
B 66 -662 74 -664
B 82 -662 102 -664
B 148 -662 180 -664
B 264 -662 656 -664
B 64 -664 74 -666
B 84 -664 98 -666
B 140 -664 174 -666
B 260 -664 656 -666
B 64 -666 72 -668
B 86 -666 96 -668
B 130 -666 168 -668
B 258 -666 656 -668
B 64 -668 70 -670
B 86 -668 160 -670
B 254 -668 656 -670
B 62 -670 72 -672
B 86 -670 152 -672
B 252 -670 658 -672
B 62 -672 78 -674
B 86 -672 142 -674
B 248 -672 658 -674
B 62 -674 130 -676
B 244 -674 658 -676
B 62 -676 114 -678
B 242 -676 658 -678
B 238 -678 660 -680
B 234 -680 660 -682
B 228 -682 660 -684
B 222 -684 660 -686
B 214 -686 662 -688
B 208 -688 498 -690
B 518 -688 662 -690
B 200 -690 474 -692
B 528 -690 662 -692
B 146 -692 148 -694
B 194 -692 458 -694
B 532 -692 664 -694
B 144 -694 148 -696
B 188 -694 444 -696
B 536 -694 664 -696
B 144 -696 146 -698
B 182 -696 432 -698
B 540 -696 664 -698
B 142 -698 146 -700
B 176 -698 420 -700
B 544 -698 664 -700
B 142 -700 144 -702
B 172 -700 408 -702
B 548 -700 666 -702
B 140 -702 144 -704
B 168 -702 396 -704
B 552 -702 666 -704
B 138 -704 144 -706
B 164 -704 384 -706
B 556 -704 668 -706
B 138 -706 142 -708
B 160 -706 374 -708
B 558 -706 668 -708
B 136 -708 142 -710
B 156 -708 364 -710
B 562 -708 668 -710
B 136 -710 140 -712
B 154 -710 354 -712
B 566 -710 670 -712
B 134 -712 140 -714
B 150 -712 344 -714
B 568 -712 670 -714
B 134 -714 140 -716
B 148 -714 334 -716
B 570 -714 672 -716
B 132 -716 138 -718
B 146 -716 324 -718
B 574 -716 672 -718
B 132 -718 138 -720
B 144 -718 316 -720
B 576 -718 674 -720
B 130 -720 138 -722
B 142 -720 306 -722
B 580 -720 674 -722
B 130 -722 136 -724
B 140 -722 296 -724
B 582 -722 674 -724
B 130 -724 136 -726
B 138 -724 288 -726
B 584 -724 676 -726
B 128 -726 136 -728
B 138 -726 280 -728
B 586 -726 676 -728
B 128 -728 272 -730
B 590 -728 678 -730
B 126 -730 264 -732
B 592 -730 678 -732
B 126 -732 134 -734
B 136 -732 258 -734
B 594 -732 678 -734
B 126 -734 134 -736
B 160 -734 250 -736
B 596 -734 680 -736
B 124 -736 132 -738
B 198 -736 228 -738
B 598 -736 680 -738
B 124 -738 132 -740
B 600 -738 682 -740
B 124 -740 132 -742
B 602 -740 682 -742
B 122 -742 130 -744
B 604 -742 682 -744
B 122 -744 130 -746
B 606 -744 684 -746
B 122 -746 130 -748
B 608 -746 684 -748
B 120 -748 130 -750
B 610 -748 684 -750
B 120 -750 128 -752
B 610 -750 686 -752
B 120 -752 128 -754
B 612 -752 686 -754
B 118 -754 128 -756
B 614 -754 686 -756
B 118 -756 128 -758
B 614 -756 688 -758
B 118 -758 126 -760
B 616 -758 688 -760
B 116 -760 126 -762
B 618 -760 688 -762
B 116 -762 126 -764
B 618 -762 688 -764
B 116 -764 126 -766
B 620 -764 688 -766
B 116 -766 126 -768
B 620 -766 688 -768
B 116 -768 124 -770
B 622 -768 688 -770
B 114 -770 124 -772
B 622 -770 688 -772
B 766 -770 778 -772
B 114 -772 124 -774
B 624 -772 688 -774
B 764 -772 778 -774
B 114 -774 124 -776
B 624 -774 688 -776
B 764 -774 778 -776
B 114 -776 124 -778
B 626 -776 688 -778
B 762 -776 780 -778
B 112 -778 122 -780
B 628 -778 688 -780
B 762 -778 780 -780
B 112 -780 122 -782
B 628 -780 688 -782
B 762 -780 780 -782
B 112 -782 122 -784
B 630 -782 686 -784
B 760 -782 780 -784
B 112 -784 122 -786
B 630 -784 686 -786
B 760 -784 780 -786
B 112 -786 122 -788
B 632 -786 684 -788
B 760 -786 780 -788
B 112 -788 120 -790
B 634 -788 682 -790
B 760 -788 780 -790
B 110 -790 120 -792
B 636 -790 680 -792
B 758 -790 780 -792
B 110 -792 120 -794
B 638 -792 678 -794
B 758 -792 780 -794
B 110 -794 120 -796
B 640 -794 674 -796
B 758 -794 778 -796
B 110 -796 120 -798
B 644 -796 670 -798
B 758 -796 778 -798
B 110 -798 120 -800
B 758 -798 778 -800
B 110 -800 118 -802
B 758 -800 778 -802
B 110 -802 118 -804
B 756 -802 778 -804
B 108 -804 118 -806
B 756 -804 778 -806
B 108 -806 118 -808
B 756 -806 776 -808
B 108 -808 118 -810
B 706 -808 710 -810
B 756 -808 776 -810
B 108 -810 118 -812
B 706 -810 714 -812
B 756 -810 776 -812
B 108 -812 118 -814
B 672 -812 674 -814
B 706 -812 718 -814
B 756 -812 776 -814
B 108 -814 116 -816
B 672 -814 674 -816
B 706 -814 720 -816
B 754 -814 774 -816
B 108 -816 116 -818
B 672 -816 676 -818
B 704 -816 724 -818
B 754 -816 774 -818
B 108 -818 116 -820
B 530 -818 534 -820
B 672 -818 676 -820
B 704 -818 726 -820
B 754 -818 774 -820
B 108 -820 116 -822
B 522 -820 534 -822
B 672 -820 678 -822
B 704 -820 728 -822
B 754 -820 772 -822
B 108 -822 116 -824
B 516 -822 532 -824
B 672 -822 678 -824
B 704 -822 730 -824
B 752 -822 772 -824
B 108 -824 116 -826
B 470 -824 472 -826
B 514 -824 530 -826
B 672 -824 678 -826
B 704 -824 732 -826
B 752 -824 772 -826
B 108 -826 116 -828
B 468 -826 474 -828
B 512 -826 528 -828
B 634 -826 646 -828
B 672 -826 680 -828
B 704 -826 736 -828
B 752 -826 770 -828
B 108 -828 116 -830
B 468 -828 476 -830
B 510 -828 528 -830
B 634 -828 646 -830
B 672 -828 680 -830
B 704 -828 738 -830
B 750 -828 770 -830
B 108 -830 116 -832
B 468 -830 476 -832
B 508 -830 526 -832
B 634 -830 646 -832
B 670 -830 680 -832
B 702 -830 742 -832
B 750 -830 770 -832
B 108 -832 114 -834
B 466 -832 478 -834
B 506 -832 524 -834
B 634 -832 648 -834
B 670 -832 680 -834
B 702 -832 718 -834
B 720 -832 746 -834
B 748 -832 768 -834
B 108 -834 114 -836
B 286 -834 310 -836
B 414 -834 416 -836
B 466 -834 478 -836
B 504 -834 522 -836
B 634 -834 648 -836
B 670 -834 680 -836
B 702 -834 716 -836
B 724 -834 768 -836
B 108 -836 114 -838
B 276 -836 314 -838
B 414 -836 418 -838
B 466 -836 478 -838
B 504 -836 520 -838
B 634 -836 648 -838
B 670 -836 680 -838
B 702 -836 716 -838
B 726 -836 768 -838
B 108 -838 114 -840
B 274 -838 294 -840
B 300 -838 316 -840
B 382 -838 386 -840
B 414 -838 422 -840
B 466 -838 478 -840
B 502 -838 518 -840
B 634 -838 648 -840
B 670 -838 680 -840
B 702 -838 716 -840
B 728 -838 766 -840
B 108 -840 114 -842
B 272 -840 290 -842
B 306 -840 318 -842
B 380 -840 386 -842
B 414 -840 424 -842
B 466 -840 478 -842
B 502 -840 518 -842
B 598 -840 602 -842
B 634 -840 650 -842
B 670 -840 680 -842
B 702 -840 716 -842
B 730 -840 766 -842
B 108 -842 114 -844
B 272 -842 288 -844
B 308 -842 320 -844
B 374 -842 386 -844
B 414 -842 426 -844
B 466 -842 478 -844
B 502 -842 516 -844
B 562 -842 576 -844
B 598 -842 602 -844
B 634 -842 650 -844
B 670 -842 680 -844
B 702 -842 716 -844
B 732 -842 764 -844
B 108 -844 114 -846
B 272 -844 286 -846
B 310 -844 320 -846
B 348 -844 386 -846
B 414 -844 426 -846
B 464 -844 478 -846
B 500 -844 514 -846
B 552 -844 572 -846
B 598 -844 602 -846
B 634 -844 650 -846
B 668 -844 680 -846
B 700 -844 716 -846
B 736 -844 764 -846
B 108 -846 114 -848
B 272 -846 284 -848
B 312 -846 322 -848
B 340 -846 386 -848
B 414 -846 428 -848
B 464 -846 478 -848
B 500 -846 514 -848
B 530 -846 570 -848
B 598 -846 604 -848
B 634 -846 650 -848
B 668 -846 680 -848
B 700 -846 716 -848
B 740 -846 764 -848
B 108 -848 114 -850
B 272 -848 284 -850
B 312 -848 322 -850
B 336 -848 372 -850
B 414 -848 430 -850
B 464 -848 478 -850
B 500 -848 512 -850
B 530 -848 570 -850
B 596 -848 604 -850
B 634 -848 648 -850
B 668 -848 680 -850
B 700 -848 716 -850
B 746 -848 762 -850
B 108 -850 114 -852
B 272 -850 282 -852
B 310 -850 322 -852
B 334 -850 364 -852
B 414 -850 432 -852
B 464 -850 478 -852
B 500 -850 512 -852
B 532 -850 568 -852
B 596 -850 604 -852
B 634 -850 648 -852
B 668 -850 680 -852
B 700 -850 716 -852
B 108 -852 114 -854
B 272 -852 282 -854
B 310 -852 322 -854
B 336 -852 360 -854
B 414 -852 432 -854
B 464 -852 478 -854
B 500 -852 512 -854
B 534 -852 540 -854
B 552 -852 568 -854
B 596 -852 604 -854
B 634 -852 648 -854
B 668 -852 680 -854
B 700 -852 716 -854
B 108 -854 114 -856
B 272 -854 282 -856
B 310 -854 320 -856
B 342 -854 358 -856
B 414 -854 434 -856
B 464 -854 478 -856
B 500 -854 510 -856
B 554 -854 566 -856
B 596 -854 604 -856
B 632 -854 648 -856
B 668 -854 680 -856
B 700 -854 716 -856
B 110 -856 114 -858
B 272 -856 280 -858
B 310 -856 320 -858
B 344 -856 356 -858
B 414 -856 436 -858
B 462 -856 478 -858
B 500 -856 510 -858
B 554 -856 566 -858
B 596 -856 604 -858
B 632 -856 646 -858
B 668 -856 680 -858
B 700 -856 714 -858
B 110 -858 114 -860
B 270 -858 280 -860
B 310 -858 320 -860
B 346 -858 354 -860
B 414 -858 436 -860
B 462 -858 478 -860
B 500 -858 510 -860
B 552 -858 566 -860
B 598 -858 606 -860
B 630 -858 646 -860
B 668 -858 680 -860
B 700 -858 714 -860
B 110 -860 114 -862
B 270 -860 280 -862
B 308 -860 318 -862
B 346 -860 354 -862
B 412 -860 438 -862
B 462 -860 478 -862
B 500 -860 510 -862
B 552 -860 566 -862
B 598 -860 606 -862
B 630 -860 644 -862
B 666 -860 680 -862
B 700 -860 714 -862
B 110 -862 114 -864
B 270 -862 280 -864
B 308 -862 318 -864
B 348 -862 354 -864
B 412 -862 440 -864
B 462 -862 476 -864
B 500 -862 510 -864
B 550 -862 566 -864
B 598 -862 606 -864
B 628 -862 642 -864
B 666 -862 680 -864
B 700 -862 712 -864
B 110 -864 114 -866
B 270 -864 280 -866
B 308 -864 316 -866
B 348 -864 354 -866
B 382 -864 394 -866
B 412 -864 428 -866
B 430 -864 440 -866
B 462 -864 476 -866
B 500 -864 510 -866
B 548 -864 566 -866
B 598 -864 608 -866
B 624 -864 640 -866
B 666 -864 680 -866
B 702 -864 710 -866
B 110 -866 114 -868
B 270 -866 280 -868
B 306 -866 316 -868
B 348 -866 354 -868
B 376 -866 394 -868
B 412 -866 426 -868
B 430 -866 442 -868
B 460 -866 476 -868
B 500 -866 512 -868
B 546 -866 566 -868
B 600 -866 610 -868
B 620 -866 638 -868
B 666 -866 678 -868
B 702 -866 706 -868
B 112 -868 114 -870
B 270 -868 280 -870
B 304 -868 314 -870
B 348 -868 356 -870
B 372 -868 392 -870
B 412 -868 426 -870
B 432 -868 444 -870
B 460 -868 476 -870
B 500 -868 512 -870
B 544 -868 564 -870
B 602 -868 636 -870
B 668 -868 678 -870
B 112 -870 114 -872
B 270 -870 280 -872
B 304 -870 314 -872
B 346 -870 360 -872
B 366 -870 390 -872
B 412 -870 426 -872
B 434 -870 446 -872
B 460 -870 476 -872
B 500 -870 514 -872
B 540 -870 564 -872
B 604 -870 634 -872
B 668 -870 678 -872
B 112 -872 114 -874
B 270 -872 280 -874
B 302 -872 312 -874
B 346 -872 388 -874
B 410 -872 424 -874
B 436 -872 446 -874
B 458 -872 474 -874
B 502 -872 514 -874
B 536 -872 552 -874
B 554 -872 564 -874
B 606 -872 630 -874
B 668 -872 678 -874
B 112 -874 114 -876
B 270 -874 280 -876
B 300 -874 310 -876
B 346 -874 382 -876
B 410 -874 424 -876
B 438 -874 450 -876
B 458 -874 474 -876
B 502 -874 516 -876
B 530 -874 550 -876
B 554 -874 564 -876
B 612 -874 622 -876
B 668 -874 678 -876
B 270 -876 280 -878
B 296 -876 308 -878
B 346 -876 374 -878
B 410 -876 424 -878
B 438 -876 452 -878
B 456 -876 474 -878
B 502 -876 548 -878
B 554 -876 564 -878
B 668 -876 678 -878
B 270 -878 280 -880
B 292 -878 306 -880
B 346 -878 364 -880
B 410 -878 424 -880
B 440 -878 474 -880
B 504 -878 546 -880
B 554 -878 564 -880
B 670 -878 678 -880
B 272 -880 280 -882
B 288 -880 304 -882
B 344 -880 358 -882
B 410 -880 424 -882
B 442 -880 474 -882
B 504 -880 544 -882
B 554 -880 564 -882
B 670 -880 676 -882
B 272 -882 302 -884
B 344 -882 354 -884
B 410 -882 422 -884
B 444 -882 472 -884
B 506 -882 542 -884
B 554 -882 566 -884
B 672 -882 676 -884
B 272 -884 300 -886
B 344 -884 352 -886
B 410 -884 422 -886
B 446 -884 472 -886
B 508 -884 540 -886
B 554 -884 566 -886
B 674 -884 676 -886
B 272 -886 298 -888
B 344 -886 352 -888
B 410 -886 422 -888
B 448 -886 472 -888
B 508 -886 536 -888
B 556 -886 566 -888
B 272 -888 294 -890
B 344 -888 352 -890
B 410 -888 422 -890
B 450 -888 472 -890
B 510 -888 534 -890
B 558 -888 566 -890
B 272 -890 292 -892
B 344 -890 352 -892
B 388 -890 394 -892
B 412 -890 422 -892
B 454 -890 472 -892
B 514 -890 526 -892
B 560 -890 566 -892
B 272 -892 288 -894
B 344 -892 354 -894
B 384 -892 394 -894
B 412 -892 420 -894
B 460 -892 470 -894
B 562 -892 566 -894
B 272 -894 284 -896
B 344 -894 356 -896
B 380 -894 394 -896
B 414 -894 420 -896
B 274 -896 284 -898
B 344 -896 356 -898
B 378 -896 392 -898
B 416 -896 418 -898
B 274 -898 284 -900
B 344 -898 356 -900
B 374 -898 392 -900
B 274 -900 284 -902
B 344 -900 356 -902
B 370 -900 390 -902
B 274 -902 284 -904
B 346 -902 388 -904
B 276 -904 284 -906
B 346 -904 386 -906
B 276 -906 286 -908
B 348 -906 384 -908
B 276 -908 286 -910
B 348 -908 380 -910
B 278 -910 288 -912
B 354 -910 374 -912
B 278 -912 288 -914
B 280 -914 288 -916
B 280 -916 288 -918
B 282 -918 288 -920
