; structure creation     : 64639/60534/53450 (0:45076:13569)
; structure modification : 64639/60534/53450 (0:45076:13569)
; structure name : chip_7seg
L 12
B 1413 1788 1438 1813
B 1385 1860 1410 1885
B 769 1731 777 1739
B 769 1559 777 1567
B 769 1289 777 1297
B 769 1366 777 1374
B 2059 1559 2067 1567
B 2059 1751 2067 1759
B 688 1298 713 1323
B 595 1408 620 1433
B 688 1568 713 1593
B 595 1678 620 1703
B 2203 1678 2228 1703
B 2098 1568 2123 1593
B 2203 1408 2228 1433
B 2098 1298 2123 1323
B 2098 1788 2123 1813
B 2203 1860 2228 1885
B 595 1860 620 1885
B 688 1788 713 1813
B 770 1560 843 1566
B 550 1732 776 1738
B 550 1732 556 1873
B 455 1867 556 1873
B 770 1290 843 1296
B 565 1367 776 1373
B 565 1367 571 1713
B 455 1707 571 1713
B 455 1547 538 1553
B 532 1277 538 1553
B 532 1277 843 1283
B 455 1387 506 1393
B 500 1265 506 1393
B 500 1265 843 1271
B 1987 1560 2066 1566
B 2060 1752 2311 1758
B 2305 1752 2311 1816
B 2305 1810 2381 1816
B 2305 1490 2311 1541
B 2305 1490 2381 1496
B 1987 1535 2311 1541
B 690 1302 843 1318
B 597 1412 843 1428
B 690 1572 843 1588
B 597 1682 843 1698
B 1987 1682 2226 1698
B 1987 1572 2121 1588
B 1987 1412 2226 1428
B 1987 1302 2121 1318
B 595 1860 2228 1886
B 687 1787 2123 1813
B 687 1787 2123 1813
B 595 1860 2228 1886
B 1987 1302 2121 1318
B 1987 1412 2226 1428
B 1987 1572 2121 1588
B 1987 1682 2226 1698
B 597 1682 843 1698
B 690 1572 843 1588
B 597 1412 843 1428
B 690 1302 843 1318
B 1987 1535 2311 1541
B 2305 1490 2381 1496
B 2305 1490 2311 1541
B 2305 1810 2381 1816
B 2305 1752 2311 1816
B 2060 1752 2311 1758
B 1987 1560 2066 1566
B 500 1265 843 1271
B 500 1265 506 1393
B 455 1387 506 1393
B 532 1277 843 1283
B 532 1277 538 1553
B 455 1547 538 1553
B 455 1707 571 1713
B 565 1367 571 1713
B 565 1367 776 1373
B 770 1290 843 1296
B 455 1867 556 1873
B 550 1732 556 1873
B 550 1732 776 1738
B 770 1560 843 1566
L 13
B 1431 1806 1435 1810
B 1431 1798 1435 1802
B 1431 1790 1435 1794
B 1423 1806 1427 1810
B 1423 1798 1427 1802
B 1423 1790 1427 1794
B 1415 1806 1419 1810
B 1415 1798 1419 1802
B 1415 1790 1419 1794
B 1403 1878 1407 1882
B 1403 1870 1407 1874
B 1403 1862 1407 1866
B 1395 1878 1399 1882
B 1395 1870 1399 1874
B 1395 1862 1399 1866
B 1387 1878 1391 1882
B 1387 1870 1391 1874
B 1387 1862 1391 1866
B 771 1733 775 1737
B 771 1561 775 1565
B 771 1291 775 1295
B 771 1368 775 1372
B 2061 1561 2065 1565
B 2061 1753 2065 1757
B 706 1316 710 1320
B 706 1308 710 1312
B 706 1300 710 1304
B 698 1316 702 1320
B 698 1308 702 1312
B 698 1300 702 1304
B 690 1316 694 1320
B 690 1308 694 1312
B 690 1300 694 1304
B 613 1426 617 1430
B 613 1418 617 1422
B 613 1410 617 1414
B 605 1426 609 1430
B 605 1418 609 1422
B 605 1410 609 1414
B 597 1426 601 1430
B 597 1418 601 1422
B 597 1410 601 1414
B 706 1586 710 1590
B 706 1578 710 1582
B 706 1570 710 1574
B 698 1586 702 1590
B 698 1578 702 1582
B 698 1570 702 1574
B 690 1586 694 1590
B 690 1578 694 1582
B 690 1570 694 1574
B 613 1696 617 1700
B 613 1688 617 1692
B 613 1680 617 1684
B 605 1696 609 1700
B 605 1688 609 1692
B 605 1680 609 1684
B 597 1696 601 1700
B 597 1688 601 1692
B 597 1680 601 1684
B 2221 1696 2225 1700
B 2221 1688 2225 1692
B 2221 1680 2225 1684
B 2213 1696 2217 1700
B 2213 1688 2217 1692
B 2213 1680 2217 1684
B 2205 1696 2209 1700
B 2205 1688 2209 1692
B 2205 1680 2209 1684
B 2116 1586 2120 1590
B 2116 1578 2120 1582
B 2116 1570 2120 1574
B 2108 1586 2112 1590
B 2108 1578 2112 1582
B 2108 1570 2112 1574
B 2100 1586 2104 1590
B 2100 1578 2104 1582
B 2100 1570 2104 1574
B 2221 1426 2225 1430
B 2221 1418 2225 1422
B 2221 1410 2225 1414
B 2213 1426 2217 1430
B 2213 1418 2217 1422
B 2213 1410 2217 1414
B 2205 1426 2209 1430
B 2205 1418 2209 1422
B 2205 1410 2209 1414
B 2116 1316 2120 1320
B 2116 1308 2120 1312
B 2116 1300 2120 1304
B 2108 1316 2112 1320
B 2108 1308 2112 1312
B 2108 1300 2112 1304
B 2100 1316 2104 1320
B 2100 1308 2104 1312
B 2100 1300 2104 1304
B 2116 1806 2120 1810
B 2116 1798 2120 1802
B 2116 1790 2120 1794
B 2108 1806 2112 1810
B 2108 1798 2112 1802
B 2108 1790 2112 1794
B 2100 1806 2104 1810
B 2100 1798 2104 1802
B 2100 1790 2104 1794
B 2221 1878 2225 1882
B 2221 1870 2225 1874
B 2221 1862 2225 1866
B 2213 1878 2217 1882
B 2213 1870 2217 1874
B 2213 1862 2217 1866
B 2205 1878 2209 1882
B 2205 1870 2209 1874
B 2205 1862 2209 1866
B 613 1878 617 1882
B 613 1870 617 1874
B 613 1862 617 1866
B 605 1878 609 1882
B 605 1870 609 1874
B 605 1862 609 1866
B 597 1878 601 1882
B 597 1870 601 1874
B 597 1862 601 1866
B 706 1806 710 1810
B 706 1798 710 1802
B 706 1790 710 1794
B 698 1806 702 1810
B 698 1798 702 1802
B 698 1790 702 1794
B 690 1806 694 1810
B 690 1798 694 1802
B 690 1790 694 1794
L 14
B 1413 1788 1438 1813
B 1385 1860 1410 1885
B 769 1731 777 1739
B 769 1559 777 1567
B 769 1289 777 1297
B 769 1366 777 1374
B 2059 1559 2067 1567
B 2059 1751 2067 1759
B 688 1298 713 1323
B 595 1408 620 1433
B 688 1568 713 1593
B 595 1678 620 1703
B 2203 1678 2228 1703
B 2098 1568 2123 1593
B 2203 1408 2228 1433
B 2098 1298 2123 1323
B 2098 1788 2123 1813
B 2203 1860 2228 1885
B 595 1860 620 1885
B 688 1788 713 1813
B 1412 1745 1433 1751
B 1417 1740 1433 1811
B 1390 1740 1406 1883
B 770 1560 776 1738
B 770 1290 776 1373
B 625 1927 631 1986
B 625 1927 906 1933
B 900 1740 906 1933
B 937 1740 943 1758
B 937 1752 951 1758
B 945 1752 951 1986
B 1265 1940 1271 1986
B 987 1940 1271 1946
B 987 1740 993 1946
B 1585 1900 1591 1986
B 1125 1900 1591 1906
B 1125 1740 1131 1906
B 1905 1932 1911 1986
B 1675 1932 1911 1938
B 1675 1740 1681 1938
B 2225 1935 2231 1986
B 2015 1935 2231 1941
B 2015 1765 2021 1941
B 1787 1765 2021 1771
B 1787 1740 1793 1771
B 2060 1560 2066 1758
B 687 1295 713 1813
B 595 1077 621 1886
B 450 1077 621 1128
B 2202 1405 2228 1886
B 2097 1237 2123 1813
B 2097 1237 2391 1288
B 2097 1237 2391 1288
B 2097 1237 2123 1813
B 2202 1405 2228 1886
B 450 1077 621 1128
B 595 1077 621 1886
B 687 1295 713 1813
B 2060 1560 2066 1758
B 1787 1740 1793 1771
B 1787 1765 2021 1771
B 2015 1765 2021 1941
B 2015 1935 2231 1941
B 2225 1935 2231 1986
B 1675 1740 1681 1938
B 1675 1932 1911 1938
B 1905 1932 1911 1986
B 1125 1740 1131 1906
B 1125 1900 1591 1906
B 1585 1900 1591 1986
B 987 1740 993 1946
B 987 1940 1271 1946
B 1265 1940 1271 1986
B 945 1752 951 1986
B 937 1752 951 1758
B 937 1740 943 1758
B 900 1740 906 1933
B 625 1927 906 1933
B 625 1927 631 1986
B 770 1290 776 1373
B 770 1560 776 1738
B 1390 1740 1406 1883
B 1417 1740 1433 1811
B 1412 1745 1433 1751
C 840 1220 1 1 0 hex
C 420 1915 1 1 0 padline
