; structure creation     : 64639/60534/53450 (0:45076:13569)
; structure modification : 64639/60534/53450 (0:45076:13569)
; structure name : hex
L 12
B 9 31 17 39
B 71 19 79 27
B 84 6 92 14
B 96 31 104 39
B 109 31 117 39
B 109 6 117 14
B 121 31 129 39
B 196 31 204 39
B 209 31 217 39
B 209 19 217 27
B 221 44 229 52
B 234 44 242 52
B 234 31 242 39
B 259 31 267 39
B 296 31 304 39
B 321 44 329 52
B 371 44 379 52
B 409 69 417 77
B 421 69 429 77
B 421 56 429 64
B 609 56 617 64
B 634 44 642 52
B 671 44 679 52
B 696 56 704 64
B 746 44 754 52
B 771 31 779 39
B 821 69 829 77
B 834 31 842 39
B 846 69 854 77
B 846 44 854 52
B 921 69 929 77
B 1046 69 1054 77
B 1059 69 1067 77
B 1059 56 1067 64
B 1134 69 1142 77
B 1121 141 1129 149
B 1134 141 1142 149
B 1096 129 1104 137
B 1084 129 1092 137
B 1071 141 1079 149
B 1034 141 1042 149
B 1046 141 1054 149
B 1009 141 1017 149
B 921 141 929 149
B 934 141 942 149
B 959 141 967 149
B 971 141 979 149
B 821 154 829 162
B 884 129 892 137
B 834 141 842 149
B 771 141 779 149
B 759 141 767 149
B 746 141 754 149
B 784 141 792 149
B 671 129 679 137
B 684 129 692 137
B 696 129 704 137
B 721 129 729 137
B 646 141 654 149
B 609 141 617 149
B 634 154 642 162
B 421 141 429 149
B 409 166 417 174
B 471 129 479 137
B 359 141 367 149
B 371 141 379 149
B 284 141 292 149
B 296 129 304 137
B 309 129 317 137
B 321 129 329 137
B 259 141 267 149
B 221 141 229 149
B 246 154 254 162
B 196 141 204 149
B 159 141 167 149
B 184 154 192 162
B 121 141 129 149
B 134 141 142 149
B 59 141 67 149
B 71 129 79 137
B 84 129 92 137
B 96 129 104 137
B 34 129 42 137
B 21 129 29 137
B 9 141 17 149
B 9 326 17 334
B 21 314 29 322
B 21 214 29 222
B 34 226 42 234
B 46 301 54 309
B 59 326 67 334
B 59 289 67 297
B 71 289 79 297
B 84 289 92 297
B 96 326 104 334
B 96 214 104 222
B 121 314 129 322
B 134 314 142 322
B 134 214 142 222
B 159 326 167 334
B 159 226 167 234
B 171 276 179 284
B 184 239 192 247
B 209 214 217 222
B 221 301 229 309
B 221 251 229 259
B 234 276 242 284
B 246 326 254 334
B 246 251 254 259
B 246 214 254 222
B 259 289 267 297
B 271 251 279 259
B 284 326 292 334
B 284 301 292 309
B 296 214 304 222
B 309 301 317 309
B 309 214 317 222
B 321 301 329 309
B 346 289 354 297
B 359 314 367 322
B 359 264 367 272
B 371 314 379 322
B 371 276 379 284
B 384 326 392 334
B 396 239 404 247
B 409 276 417 284
B 409 239 417 247
B 421 264 429 272
B 434 314 442 322
B 434 276 442 284
B 434 226 442 234
B 459 264 467 272
B 471 339 479 347
B 484 276 492 284
B 496 289 504 297
B 621 301 629 309
B 621 226 629 234
B 634 301 642 309
B 646 314 654 322
B 646 214 654 222
B 671 289 679 297
B 684 251 692 259
B 684 214 692 222
B 696 314 704 322
B 709 289 717 297
B 721 226 729 234
B 734 339 742 347
B 734 214 742 222
B 746 289 754 297
B 746 214 754 222
B 759 301 767 309
B 759 289 767 297
B 759 251 767 259
B 771 289 779 297
B 784 214 792 222
B 809 214 817 222
B 821 276 829 284
B 859 326 867 334
B 884 276 892 284
B 884 226 892 234
B 896 301 904 309
B 909 339 917 347
B 909 226 917 234
B 921 339 929 347
B 934 301 942 309
B 934 251 942 259
B 959 239 967 247
B 959 226 967 234
B 971 301 979 309
B 971 276 979 284
B 1009 289 1017 297
B 1009 214 1017 222
B 1021 339 1029 347
B 1021 276 1029 284
B 1021 214 1029 222
B 1034 339 1042 347
B 1034 301 1042 309
B 1034 239 1042 247
B 1046 226 1054 234
B 1059 326 1067 334
B 1071 326 1079 334
B 1071 251 1079 259
B 1084 326 1092 334
B 1084 226 1092 234
B 1096 339 1104 347
B 1096 214 1104 222
B 1121 214 1129 222
B 1134 339 1142 347
B 1134 411 1142 419
B 1084 411 1092 419
B 1096 411 1104 419
B 1046 411 1054 419
B 1059 411 1067 419
B 1009 411 1017 419
B 1021 411 1029 419
B 946 411 954 419
B 959 411 967 419
B 934 411 942 419
B 971 399 979 407
B 921 399 929 407
B 896 411 904 419
B 859 424 867 432
B 884 424 892 432
B 771 411 779 419
B 834 411 842 419
B 759 411 767 419
B 809 411 817 419
B 671 399 679 407
B 684 411 692 419
B 709 411 717 419
B 696 411 704 419
B 621 411 629 419
B 646 411 654 419
B 634 411 642 419
B 496 411 504 419
B 459 424 467 432
B 484 424 492 432
B 384 399 392 407
B 396 399 404 407
B 409 399 417 407
B 434 399 442 407
B 359 411 367 419
B 321 411 329 419
B 346 424 354 432
B 259 411 267 419
B 271 399 279 407
B 284 399 292 407
B 296 399 304 407
B 209 411 217 419
B 234 411 242 419
B 221 411 229 419
B 146 411 154 419
B 159 411 167 419
B 134 411 142 419
B 121 399 129 407
B 171 399 179 407
B 59 411 67 419
B 46 411 54 419
B 84 436 92 444
B 96 399 104 407
B 9 411 17 419
B 21 411 29 419
B 59 484 67 492
B 71 509 79 517
B 146 496 154 504
B 146 484 154 492
B 159 496 167 504
B 159 484 167 492
B 284 496 292 504
B 309 484 317 492
B 321 496 329 504
B 321 484 329 492
B 834 496 842 504
B 834 484 842 492
B 846 496 854 504
B 846 484 854 492
B 946 509 954 517
B 946 484 954 492
B 576 356 584 364
B 554 466 562 474
B 576 86 584 94
B 554 196 562 204
L 60
B 1147 352 1153 368
B 1147 462 1153 478
B -3 352 3 368
B -3 462 3 478
B 1147 82 1153 98
B 1147 192 1153 208
B -3 82 3 98
B -3 192 3 208
B 1147 340 1153 346
B 1147 315 1153 321
B -3 70 3 76
B -3 340 3 346
B -3 57 3 63
B -3 45 3 51
L 12
B -3 70 416 76
L 60
L 12
B -3 57 428 63
L 60
L 12
B -3 45 228 51
L 60
L 12
B 10 32 103 38
L 60
L 12
B 72 20 216 26
L 60
L 12
B 85 7 116 13
L 60
L 12
B 110 32 203 38
L 60
L 12
B 210 32 241 38
L 60
L 12
B 235 45 378 51
L 60
L 12
B 260 32 303 38
L 60
L 12
B 422 70 828 76
L 60
L 12
B 610 57 1066 63
L 60
L 12
B 635 45 853 51
L 60
L 12
B 772 32 841 38
L 60
L 12
B 847 70 1053 76
L 60
L 12
B 1060 70 1141 76
L 60
L 12
B -3 340 916 346
L 60
L 12
B 10 327 253 333
L 60
L 12
B 22 315 128 321
L 60
L 12
B 22 215 103 221
L 60
L 12
B 35 227 441 233
L 60
L 12
B 47 302 228 308
L 60
L 12
B 60 290 78 296
L 60
L 12
B 85 290 266 296
L 60
L 12
B 135 315 366 321
L 60
L 12
B 135 215 253 221
L 60
L 12
B 172 277 378 283
L 60
L 12
B 185 240 1041 246
L 60
L 12
B 222 252 766 258
L 60
L 12
B 285 327 1066 333
L 60
L 12
B 285 302 316 308
L 60
L 12
B 297 215 653 221
L 60
L 12
B 322 302 628 308
L 60
L 12
B 347 290 678 296
L 60
L 12
B 360 265 466 271
L 60
L 12
B 372 315 653 321
L 60
L 12
B 410 277 1028 283
L 60
L 12
B 622 227 728 233
L 60
L 12
B 635 302 766 308
L 60
L 12
B 685 215 741 221
L 60
L 12
B 697 315 1153 321
L 60
L 12
B 710 290 753 296
L 60
L 12
B 747 215 791 221
L 60
L 12
B 760 290 1016 296
L 60
L 12
B 810 215 1016 221
L 60
L 12
B 885 227 1091 233
L 60
L 12
B 897 302 941 308
L 60
L 12
B 922 340 1028 346
L 60
L 12
B 935 252 1078 258
L 60
L 12
B 972 302 1041 308
L 60
L 12
B 1022 215 1128 221
L 60
L 12
B 1035 340 1103 346
L 60
L 12
B 1072 327 1091 333
L 60
L 12
B 1135 340 1153 346
L 60
L 12
B 60 485 153 491
L 60
L 12
B 72 510 953 516
L 60
L 12
B 147 497 166 503
L 60
L 12
B 160 485 316 491
L 60
L 12
B 285 497 328 503
L 60
L 12
B 322 485 841 491
L 60
L 12
B 835 497 853 503
L 60
L 12
B 847 485 953 491
L 60
L 12
B 572 352 588 368
B 572 352 588 368
B 550 462 566 478
B 550 462 566 478
B 535 462 603 478
L 60
L 12
B 535 352 603 368
L 60
L 12
B 572 82 588 98
B 572 82 588 98
B 550 192 566 208
B 550 192 566 208
B 535 192 603 208
L 60
L 12
B 535 82 603 98
L 60
L 12
B 535 82 603 98
B 535 192 603 208
B 550 192 566 208
B 550 192 566 208
B 572 82 588 98
B 572 82 588 98
B 535 352 603 368
B 535 462 603 478
B 550 462 566 478
B 550 462 566 478
B 572 352 588 368
B 572 352 588 368
B 847 485 953 491
B 835 497 853 503
B 322 485 841 491
B 285 497 328 503
B 160 485 316 491
B 147 497 166 503
B 72 510 953 516
B 60 485 153 491
B 1135 340 1153 346
B 1072 327 1091 333
B 1035 340 1103 346
B 1022 215 1128 221
B 972 302 1041 308
B 935 252 1078 258
B 922 340 1028 346
B 897 302 941 308
B 885 227 1091 233
B 810 215 1016 221
B 760 290 1016 296
B 747 215 791 221
B 710 290 753 296
B 697 315 1153 321
B 685 215 741 221
B 635 302 766 308
B 622 227 728 233
B 410 277 1028 283
B 372 315 653 321
B 360 265 466 271
B 347 290 678 296
B 322 302 628 308
B 297 215 653 221
B 285 302 316 308
B 285 327 1066 333
B 222 252 766 258
B 185 240 1041 246
B 172 277 378 283
B 135 215 253 221
B 135 315 366 321
B 85 290 266 296
B 60 290 78 296
B 47 302 228 308
B 35 227 441 233
B 22 215 103 221
B 22 315 128 321
B 10 327 253 333
B -3 340 916 346
B 1060 70 1141 76
B 847 70 1053 76
B 772 32 841 38
B 635 45 853 51
B 610 57 1066 63
B 422 70 828 76
B 260 32 303 38
B 235 45 378 51
B 210 32 241 38
B 110 32 203 38
B 85 7 116 13
B 72 20 216 26
B 10 32 103 38
B -3 45 228 51
B -3 57 428 63
B -3 70 416 76
L 13
B 11 33 15 37
B 73 21 77 25
B 86 8 90 12
B 98 33 102 37
B 111 33 115 37
B 111 8 115 12
B 123 33 127 37
B 198 33 202 37
B 211 33 215 37
B 211 21 215 25
B 223 46 227 50
B 236 46 240 50
B 236 33 240 37
B 261 33 265 37
B 298 33 302 37
B 323 46 327 50
B 373 46 377 50
B 411 71 415 75
B 423 71 427 75
B 423 58 427 62
B 611 58 615 62
B 636 46 640 50
B 673 46 677 50
B 698 58 702 62
B 748 46 752 50
B 773 33 777 37
B 823 71 827 75
B 836 33 840 37
B 848 71 852 75
B 848 46 852 50
B 923 71 927 75
B 1048 71 1052 75
B 1061 71 1065 75
B 1061 58 1065 62
B 1136 71 1140 75
B 1123 143 1127 147
B 1136 143 1140 147
B 1098 131 1102 135
B 1086 131 1090 135
B 1073 143 1077 147
B 1036 143 1040 147
B 1048 143 1052 147
B 1011 143 1015 147
B 923 143 927 147
B 936 143 940 147
B 961 143 965 147
B 973 143 977 147
B 823 156 827 160
B 886 131 890 135
B 836 143 840 147
B 773 143 777 147
B 761 143 765 147
B 748 143 752 147
B 786 143 790 147
B 673 131 677 135
B 686 131 690 135
B 698 131 702 135
B 723 131 727 135
B 648 143 652 147
B 611 143 615 147
B 636 156 640 160
B 423 143 427 147
B 411 168 415 172
B 473 131 477 135
B 361 143 365 147
B 373 143 377 147
B 286 143 290 147
B 298 131 302 135
B 311 131 315 135
B 323 131 327 135
B 261 143 265 147
B 223 143 227 147
B 248 156 252 160
B 198 143 202 147
B 161 143 165 147
B 186 156 190 160
B 123 143 127 147
B 136 143 140 147
B 61 143 65 147
B 73 131 77 135
B 86 131 90 135
B 98 131 102 135
B 36 131 40 135
B 23 131 27 135
B 11 143 15 147
B 11 328 15 332
B 23 316 27 320
B 23 216 27 220
B 36 228 40 232
B 48 303 52 307
B 61 328 65 332
B 61 291 65 295
B 73 291 77 295
B 86 291 90 295
B 98 328 102 332
B 98 216 102 220
B 123 316 127 320
B 136 316 140 320
B 136 216 140 220
B 161 328 165 332
B 161 228 165 232
B 173 278 177 282
B 186 241 190 245
B 211 216 215 220
B 223 303 227 307
B 223 253 227 257
B 236 278 240 282
B 248 328 252 332
B 248 253 252 257
B 248 216 252 220
B 261 291 265 295
B 273 253 277 257
B 286 328 290 332
B 286 303 290 307
B 298 216 302 220
B 311 303 315 307
B 311 216 315 220
B 323 303 327 307
B 348 291 352 295
B 361 316 365 320
B 361 266 365 270
B 373 316 377 320
B 373 278 377 282
B 386 328 390 332
B 398 241 402 245
B 411 278 415 282
B 411 241 415 245
B 423 266 427 270
B 436 316 440 320
B 436 278 440 282
B 436 228 440 232
B 461 266 465 270
B 473 341 477 345
B 486 278 490 282
B 498 291 502 295
B 623 303 627 307
B 623 228 627 232
B 636 303 640 307
B 648 316 652 320
B 648 216 652 220
B 673 291 677 295
B 686 253 690 257
B 686 216 690 220
B 698 316 702 320
B 711 291 715 295
B 723 228 727 232
B 736 341 740 345
B 736 216 740 220
B 748 291 752 295
B 748 216 752 220
B 761 303 765 307
B 761 291 765 295
B 761 253 765 257
B 773 291 777 295
B 786 216 790 220
B 811 216 815 220
B 823 278 827 282
B 861 328 865 332
B 886 278 890 282
B 886 228 890 232
B 898 303 902 307
B 911 341 915 345
B 911 228 915 232
B 923 341 927 345
B 936 303 940 307
B 936 253 940 257
B 961 241 965 245
B 961 228 965 232
B 973 303 977 307
B 973 278 977 282
B 1011 291 1015 295
B 1011 216 1015 220
B 1023 341 1027 345
B 1023 278 1027 282
B 1023 216 1027 220
B 1036 341 1040 345
B 1036 303 1040 307
B 1036 241 1040 245
B 1048 228 1052 232
B 1061 328 1065 332
B 1073 328 1077 332
B 1073 253 1077 257
B 1086 328 1090 332
B 1086 228 1090 232
B 1098 341 1102 345
B 1098 216 1102 220
B 1123 216 1127 220
B 1136 341 1140 345
B 1136 413 1140 417
B 1086 413 1090 417
B 1098 413 1102 417
B 1048 413 1052 417
B 1061 413 1065 417
B 1011 413 1015 417
B 1023 413 1027 417
B 948 413 952 417
B 961 413 965 417
B 936 413 940 417
B 973 401 977 405
B 923 401 927 405
B 898 413 902 417
B 861 426 865 430
B 886 426 890 430
B 773 413 777 417
B 836 413 840 417
B 761 413 765 417
B 811 413 815 417
B 673 401 677 405
B 686 413 690 417
B 711 413 715 417
B 698 413 702 417
B 623 413 627 417
B 648 413 652 417
B 636 413 640 417
B 498 413 502 417
B 461 426 465 430
B 486 426 490 430
B 386 401 390 405
B 398 401 402 405
B 411 401 415 405
B 436 401 440 405
B 361 413 365 417
B 323 413 327 417
B 348 426 352 430
B 261 413 265 417
B 273 401 277 405
B 286 401 290 405
B 298 401 302 405
B 211 413 215 417
B 236 413 240 417
B 223 413 227 417
B 148 413 152 417
B 161 413 165 417
B 136 413 140 417
B 123 401 127 405
B 173 401 177 405
B 61 413 65 417
B 48 413 52 417
B 86 438 90 442
B 98 401 102 405
B 11 413 15 417
B 23 413 27 417
B 61 486 65 490
B 73 511 77 515
B 148 498 152 502
B 148 486 152 490
B 161 498 165 502
B 161 486 165 490
B 286 498 290 502
B 311 486 315 490
B 323 498 327 502
B 323 486 327 490
B 836 498 840 502
B 836 486 840 490
B 848 498 852 502
B 848 486 852 490
B 948 511 952 515
B 948 486 952 490
B 578 358 582 362
B 556 468 560 472
B 578 88 582 92
B 556 198 560 202
L 14
B 9 31 17 39
B 71 19 79 27
B 84 6 92 14
B 96 31 104 39
B 109 31 117 39
B 109 6 117 14
B 121 31 129 39
B 196 31 204 39
B 209 31 217 39
B 209 19 217 27
B 221 44 229 52
B 234 44 242 52
B 234 31 242 39
B 259 31 267 39
B 296 31 304 39
B 321 44 329 52
B 371 44 379 52
B 409 69 417 77
B 421 69 429 77
B 421 56 429 64
B 609 56 617 64
B 634 44 642 52
B 671 44 679 52
B 696 56 704 64
B 746 44 754 52
B 771 31 779 39
B 821 69 829 77
B 834 31 842 39
B 846 69 854 77
B 846 44 854 52
B 921 69 929 77
B 1046 69 1054 77
B 1059 69 1067 77
B 1059 56 1067 64
B 1134 69 1142 77
B 1121 141 1129 149
B 1134 141 1142 149
B 1096 129 1104 137
B 1084 129 1092 137
B 1071 141 1079 149
B 1034 141 1042 149
B 1046 141 1054 149
B 1009 141 1017 149
B 921 141 929 149
B 934 141 942 149
B 959 141 967 149
B 971 141 979 149
B 821 154 829 162
B 884 129 892 137
B 834 141 842 149
B 771 141 779 149
B 759 141 767 149
B 746 141 754 149
B 784 141 792 149
B 671 129 679 137
B 684 129 692 137
B 696 129 704 137
B 721 129 729 137
B 646 141 654 149
B 609 141 617 149
B 634 154 642 162
B 421 141 429 149
B 409 166 417 174
B 471 129 479 137
B 359 141 367 149
B 371 141 379 149
B 284 141 292 149
B 296 129 304 137
B 309 129 317 137
B 321 129 329 137
B 259 141 267 149
B 221 141 229 149
B 246 154 254 162
B 196 141 204 149
B 159 141 167 149
B 184 154 192 162
B 121 141 129 149
B 134 141 142 149
B 59 141 67 149
B 71 129 79 137
B 84 129 92 137
B 96 129 104 137
B 34 129 42 137
B 21 129 29 137
B 9 141 17 149
B 9 326 17 334
B 21 314 29 322
B 21 214 29 222
B 34 226 42 234
B 46 301 54 309
B 59 326 67 334
B 59 289 67 297
B 71 289 79 297
B 84 289 92 297
B 96 326 104 334
B 96 214 104 222
B 121 314 129 322
B 134 314 142 322
B 134 214 142 222
B 159 326 167 334
B 159 226 167 234
B 171 276 179 284
B 184 239 192 247
B 209 214 217 222
B 221 301 229 309
B 221 251 229 259
B 234 276 242 284
B 246 326 254 334
B 246 251 254 259
B 246 214 254 222
B 259 289 267 297
B 271 251 279 259
B 284 326 292 334
B 284 301 292 309
B 296 214 304 222
B 309 301 317 309
B 309 214 317 222
B 321 301 329 309
B 346 289 354 297
B 359 314 367 322
B 359 264 367 272
B 371 314 379 322
B 371 276 379 284
B 384 326 392 334
B 396 239 404 247
B 409 276 417 284
B 409 239 417 247
B 421 264 429 272
B 434 314 442 322
B 434 276 442 284
B 434 226 442 234
B 459 264 467 272
B 471 339 479 347
B 484 276 492 284
B 496 289 504 297
B 621 301 629 309
B 621 226 629 234
B 634 301 642 309
B 646 314 654 322
B 646 214 654 222
B 671 289 679 297
B 684 251 692 259
B 684 214 692 222
B 696 314 704 322
B 709 289 717 297
B 721 226 729 234
B 734 339 742 347
B 734 214 742 222
B 746 289 754 297
B 746 214 754 222
B 759 301 767 309
B 759 289 767 297
B 759 251 767 259
B 771 289 779 297
B 784 214 792 222
B 809 214 817 222
B 821 276 829 284
B 859 326 867 334
B 884 276 892 284
B 884 226 892 234
B 896 301 904 309
B 909 339 917 347
B 909 226 917 234
B 921 339 929 347
B 934 301 942 309
B 934 251 942 259
B 959 239 967 247
B 959 226 967 234
B 971 301 979 309
B 971 276 979 284
B 1009 289 1017 297
B 1009 214 1017 222
B 1021 339 1029 347
B 1021 276 1029 284
B 1021 214 1029 222
B 1034 339 1042 347
B 1034 301 1042 309
B 1034 239 1042 247
B 1046 226 1054 234
B 1059 326 1067 334
B 1071 326 1079 334
B 1071 251 1079 259
B 1084 326 1092 334
B 1084 226 1092 234
B 1096 339 1104 347
B 1096 214 1104 222
B 1121 214 1129 222
B 1134 339 1142 347
B 1134 411 1142 419
B 1084 411 1092 419
B 1096 411 1104 419
B 1046 411 1054 419
B 1059 411 1067 419
B 1009 411 1017 419
B 1021 411 1029 419
B 946 411 954 419
B 959 411 967 419
B 934 411 942 419
B 971 399 979 407
B 921 399 929 407
B 896 411 904 419
B 859 424 867 432
B 884 424 892 432
B 771 411 779 419
B 834 411 842 419
B 759 411 767 419
B 809 411 817 419
B 671 399 679 407
B 684 411 692 419
B 709 411 717 419
B 696 411 704 419
B 621 411 629 419
B 646 411 654 419
B 634 411 642 419
B 496 411 504 419
B 459 424 467 432
B 484 424 492 432
B 384 399 392 407
B 396 399 404 407
B 409 399 417 407
B 434 399 442 407
B 359 411 367 419
B 321 411 329 419
B 346 424 354 432
B 259 411 267 419
B 271 399 279 407
B 284 399 292 407
B 296 399 304 407
B 209 411 217 419
B 234 411 242 419
B 221 411 229 419
B 146 411 154 419
B 159 411 167 419
B 134 411 142 419
B 121 399 129 407
B 171 399 179 407
B 59 411 67 419
B 46 411 54 419
B 84 436 92 444
B 96 399 104 407
B 9 411 17 419
B 21 411 29 419
B 59 484 67 492
B 71 509 79 517
B 146 496 154 504
B 146 484 154 492
B 159 496 167 504
B 159 484 167 492
B 284 496 292 504
B 309 484 317 492
B 321 496 329 504
B 321 484 329 492
B 834 496 842 504
B 834 484 842 492
B 846 496 854 504
B 846 484 854 492
B 946 509 954 517
B 946 484 954 492
B 576 356 584 364
B 554 466 562 474
B 576 86 584 94
B 554 196 562 204
L 60
B 572 -3 588 3
B 550 -3 566 3
B 572 520 588 526
B 550 520 566 526
B 947 520 953 526
B 835 520 841 526
B 285 520 291 526
B 147 520 153 526
B 97 520 103 526
B 60 520 66 526
B 10 -3 16 3
B -3 -3 3 3
L 14
B 10 32 16 186
L 60
L 14
B 72 20 78 186
L 60
L 14
B 85 7 91 186
L 60
L 14
B 97 32 103 186
L 60
L 14
B 110 7 116 38
L 60
L 14
B 122 32 128 186
L 60
L 14
B 197 32 203 186
L 60
L 14
B 210 20 216 38
L 60
L 14
B 222 45 228 186
L 60
L 14
B 235 32 241 51
L 60
L 14
B 260 32 266 186
L 60
L 14
B 297 32 303 186
L 60
L 14
B 322 45 328 186
L 60
L 14
B 372 45 378 186
L 60
L 14
B 410 70 416 186
L 60
L 14
B 422 57 428 76
L 60
L 14
B 610 57 616 186
L 60
L 14
B 635 45 641 186
L 60
L 14
B 672 45 678 186
L 60
L 14
B 697 57 703 186
L 60
L 14
B 747 45 753 186
L 60
L 14
B 772 32 778 186
L 60
L 14
B 822 70 828 186
L 60
L 14
B 835 32 841 186
L 60
L 14
B 847 45 853 76
L 60
L 14
B 922 70 928 186
L 60
L 14
B 1047 70 1053 186
L 60
L 14
B 1060 57 1066 76
L 60
L 14
B 1135 70 1141 186
L 60
L 14
B 10 327 16 456
L 60
L 14
B 22 315 28 456
L 60
L 14
B 22 105 28 221
L 60
L 14
B 35 105 41 233
L 60
L 14
B 47 302 53 456
L 60
L 14
B 60 327 66 456
L 60
L 14
B 60 105 66 296
L 60
L 14
B 72 290 78 456
L 60
L 14
B 85 290 91 456
L 60
L 14
B 97 215 103 333
L 60
L 14
B 122 315 128 456
L 60
L 14
B 135 315 141 456
L 60
L 14
B 135 105 141 221
L 60
L 14
B 160 327 166 456
L 60
L 14
B 160 105 166 233
L 60
L 14
B 172 277 178 456
L 60
L 14
B 185 105 191 246
L 60
L 14
B 210 215 216 456
L 60
L 14
B 222 302 228 456
L 60
L 14
B 222 105 228 258
L 60
L 14
B 235 277 241 456
L 60
L 14
B 247 252 253 333
L 60
L 14
B 247 105 253 221
L 60
L 14
B 260 290 266 456
L 60
L 14
B 272 252 278 456
L 60
L 14
B 285 327 291 456
L 60
L 14
B 285 105 291 308
L 60
L 14
B 297 215 303 456
L 60
L 14
B 310 302 316 456
L 60
L 14
B 310 105 316 221
L 60
L 14
B 322 302 328 456
L 60
L 14
B 347 290 353 456
L 60
L 14
B 360 315 366 456
L 60
L 14
B 360 105 366 271
L 60
L 14
B 372 277 378 321
L 60
L 14
B 385 327 391 456
L 60
L 14
B 397 240 403 456
L 60
L 14
B 410 277 416 456
L 60
L 14
B 410 105 416 246
L 60
L 14
B 422 105 428 271
L 60
L 14
B 435 315 441 456
L 60
L 14
B 435 227 441 283
L 60
L 14
B 460 265 466 456
L 60
L 14
B 472 105 478 346
L 60
L 14
B 485 277 491 456
L 60
L 14
B 497 290 503 456
L 60
L 14
B 622 227 628 456
L 60
L 14
B 635 302 641 456
L 60
L 14
B 647 315 653 456
L 60
L 14
B 647 105 653 221
L 60
L 14
B 672 290 678 456
L 60
L 14
B 685 252 691 456
L 60
L 14
B 685 105 691 221
L 60
L 14
B 697 315 703 456
L 60
L 14
B 710 290 716 456
L 60
L 14
B 722 105 728 233
L 60
L 14
B 735 215 741 346
L 60
L 14
B 747 215 753 296
L 60
L 14
B 760 302 766 456
L 60
L 14
B 760 105 766 296
L 60
L 14
B 772 290 778 456
L 60
L 14
B 785 105 791 221
L 60
L 14
B 810 215 816 456
L 60
L 14
B 822 105 828 283
L 60
L 14
B 860 327 866 456
L 60
L 14
B 885 277 891 456
L 60
L 14
B 885 105 891 233
L 60
L 14
B 897 302 903 456
L 60
L 14
B 910 227 916 346
L 60
L 14
B 922 340 928 456
L 60
L 14
B 935 302 941 456
L 60
L 14
B 935 105 941 258
L 60
L 14
B 960 240 966 456
L 60
L 14
B 960 105 966 233
L 60
L 14
B 972 302 978 456
L 60
L 14
B 972 105 978 283
L 60
L 14
B 1010 290 1016 456
L 60
L 14
B 1010 105 1016 221
L 60
L 14
B 1022 340 1028 456
L 60
L 14
B 1022 215 1028 283
L 60
L 14
B 1035 302 1041 346
L 60
L 14
B 1035 105 1041 246
L 60
L 14
B 1047 227 1053 456
L 60
L 14
B 1060 327 1066 456
L 60
L 14
B 1072 105 1078 333
L 60
L 14
B 1085 327 1091 456
L 60
L 14
B 1085 105 1091 233
L 60
L 14
B 1097 340 1103 456
L 60
L 14
B 1097 105 1103 221
L 60
L 14
B 1122 105 1128 221
L 60
L 14
B 1135 340 1141 456
L 60
L 14
B 60 485 66 526
L 60
L 14
B 72 375 78 516
L 60
L 14
B 97 375 103 526
L 60
L 14
B 147 497 153 526
L 60
L 14
B 147 375 153 491
L 60
L 14
B 160 485 166 503
L 60
L 14
B 285 497 291 526
L 60
L 14
B 310 375 316 491
L 60
L 14
B 322 485 328 503
L 60
L 14
B 835 497 841 526
L 60
L 14
B 835 375 841 491
L 60
L 14
B 847 485 853 503
L 60
L 14
B 947 510 953 526
L 60
L 14
B 947 375 953 491
L 60
L 14
B 572 -3 588 526
L 60
L 14
B 550 -3 566 526
L 60
L 14
B 572 352 588 368
B 572 352 588 368
B 550 462 566 478
B 550 462 566 478
B 572 82 588 98
B 572 82 588 98
B 550 192 566 208
B 550 192 566 208
B 550 192 566 208
B 550 192 566 208
B 572 82 588 98
B 572 82 588 98
B 550 462 566 478
B 550 462 566 478
B 572 352 588 368
B 572 352 588 368
B 550 -3 566 526
B 572 -3 588 526
B 947 375 953 491
B 947 510 953 526
B 847 485 853 503
B 835 375 841 491
B 835 497 841 526
B 322 485 328 503
B 310 375 316 491
B 285 497 291 526
B 160 485 166 503
B 147 375 153 491
B 147 497 153 526
B 97 375 103 526
B 72 375 78 516
B 60 485 66 526
B 1135 340 1141 456
B 1122 105 1128 221
B 1097 105 1103 221
B 1097 340 1103 456
B 1085 105 1091 233
B 1085 327 1091 456
B 1072 105 1078 333
B 1060 327 1066 456
B 1047 227 1053 456
B 1035 105 1041 246
B 1035 302 1041 346
B 1022 215 1028 283
B 1022 340 1028 456
B 1010 105 1016 221
B 1010 290 1016 456
B 972 105 978 283
B 972 302 978 456
B 960 105 966 233
B 960 240 966 456
B 935 105 941 258
B 935 302 941 456
B 922 340 928 456
B 910 227 916 346
B 897 302 903 456
B 885 105 891 233
B 885 277 891 456
B 860 327 866 456
B 822 105 828 283
B 810 215 816 456
B 785 105 791 221
B 772 290 778 456
B 760 105 766 296
B 760 302 766 456
B 747 215 753 296
B 735 215 741 346
B 722 105 728 233
B 710 290 716 456
B 697 315 703 456
B 685 105 691 221
B 685 252 691 456
B 672 290 678 456
B 647 105 653 221
B 647 315 653 456
B 635 302 641 456
B 622 227 628 456
B 497 290 503 456
B 485 277 491 456
B 472 105 478 346
B 460 265 466 456
B 435 227 441 283
B 435 315 441 456
B 422 105 428 271
B 410 105 416 246
B 410 277 416 456
B 397 240 403 456
B 385 327 391 456
B 372 277 378 321
B 360 105 366 271
B 360 315 366 456
B 347 290 353 456
B 322 302 328 456
B 310 105 316 221
B 310 302 316 456
B 297 215 303 456
B 285 105 291 308
B 285 327 291 456
B 272 252 278 456
B 260 290 266 456
B 247 105 253 221
B 247 252 253 333
B 235 277 241 456
B 222 105 228 258
B 222 302 228 456
B 210 215 216 456
B 185 105 191 246
B 172 277 178 456
B 160 105 166 233
B 160 327 166 456
B 135 105 141 221
B 135 315 141 456
B 122 315 128 456
B 97 215 103 333
B 85 290 91 456
B 72 290 78 456
B 60 105 66 296
B 60 327 66 456
B 47 302 53 456
B 35 105 41 233
B 22 105 28 221
B 22 315 28 456
B 10 327 16 456
B 1135 70 1141 186
B 1060 57 1066 76
B 1047 70 1053 186
B 922 70 928 186
B 847 45 853 76
B 835 32 841 186
B 822 70 828 186
B 772 32 778 186
B 747 45 753 186
B 697 57 703 186
B 672 45 678 186
B 635 45 641 186
B 610 57 616 186
B 422 57 428 76
B 410 70 416 186
B 372 45 378 186
B 322 45 328 186
B 297 32 303 186
B 260 32 266 186
B 235 32 241 51
B 222 45 228 186
B 210 20 216 38
B 197 32 203 186
B 122 32 128 186
B 110 7 116 38
B 97 32 103 186
B 85 7 91 186
B 72 20 78 186
B 10 32 16 186
C 0 83 1 1 0 no2_x1
C 50 83 1 1 0 no3_x1
C 113 83 1 1 0 inv_x2
C 150 83 1 1 0 a2_x2
C 213 83 1 1 0 a2_x2
C 275 83 1 1 0 no3_x1
C 338 83 1 1 0 buf_x2
C 388 83 1 1 0 xr2_x1
C 500 83 1 1 0 tie_x0
C 525 83 1 1 0 rowend_x0
C 600 83 1 1 0 a2_x2
C 663 83 1 1 0 o3_x2
C 738 83 1 1 0 na3_x1
C 800 83 1 1 0 nxr2_x1
C 913 83 1 1 0 oa2a22_x2
C 1025 83 1 1 0 inv_x2
C 1063 83 1 1 0 no2_x1
C 1113 83 1 1 0 inv_x2
C 0 353 1 1 0 inv_x2
C 38 353 1 1 0 oa22_x2
C 113 353 1 1 0 nao2o22_x1
C 200 353 1 1 0 na2_x1
C 250 353 1 1 0 no3_x1
C 313 353 1 1 0 a2_x2
C 375 353 1 1 0 o3_x2
C 450 353 1 1 0 o2_x2
C 513 353 1 1 0 tie_x0
C 600 353 1 1 0 rowend_x0
C 613 353 1 1 0 na2_x1
C 663 353 1 1 0 nao22_x1
C 738 353 1 1 0 mx2_x2
C 850 353 1 1 0 o2_x2
C 913 353 1 1 0 noa2a22_x1
C 1000 353 1 1 0 inv_x2
C 1038 353 1 1 0 inv_x2
C 1075 353 1 1 0 inv_x2
C 1113 353 1 1 0 one_x0
C 588 353 1 1 0 rowend_x0
C 563 353 1 1 0 tie_x0
C 538 353 1 1 0 tie_x0
C 588 83 1 1 0 rowend_x0
C 563 83 1 1 0 tie_x0
C 538 83 1 1 0 tie_x0
