; structure creation     : 64639/48707/37019 (0:116:5)
; structure modification : 64639/48707/37019 (0:116:5)
; structure name : nxr2_x1
L 1
B 12 59 89 125
B 0 62 108 125
B -2 71 108 109
L 2
B 12 -1 102 37
B 12 4 103 37
B -2 11 106 37
L 8
B 16 4 85 32
B 2 16 102 32
B 89 107 105 118
L 9
B 89 2 105 13
B 2 76 102 104
B 16 64 85 116
L 4
B 18 6 83 30
B 4 18 100 30
B 91 4 103 11
B 4 78 100 102
B 18 66 83 114
B 91 109 103 116
L 7
B 13 14 15 35
B 3 44 11 52
B 13 61 15 106
B 28 2 30 35
B 42 2 44 35
B 20 32 28 40
B 13 33 30 35
B 20 56 28 64
B 13 61 30 63
B 28 61 30 118
B 42 61 44 118
B 71 2 73 35
B 44 32 52 40
B 3 47 59 49
B 42 32 52 35
B 68 44 76 52
B 44 56 52 64
B 42 61 52 63
B 71 44 73 118
B 57 2 59 118
B 85 14 87 40
B 68 47 100 49
B 71 33 88 35
B 80 32 88 40
B 92 44 100 52
B 80 56 88 64
B 85 56 87 106
L 6
B 77 76 96 104
B 5 76 24 104
B 33 64 53 116
B 19 64 39 116
B 48 64 67 116
B 62 64 82 116
B 62 64 82 116
B 48 64 67 116
B 19 64 39 116
B 33 64 53 116
B 5 76 24 104
B 77 76 96 104
L 5
B 5 16 24 32
B 77 16 96 32
B 62 4 82 32
B 48 4 67 32
B 33 4 53 32
B 19 4 39 32
B 19 4 39 32
B 33 4 53 32
B 48 4 67 32
B 62 4 82 32
B 77 16 96 32
B 5 16 24 32
L 3
B 89 15 103 33
B 89 75 103 105
B 4 15 25 33
B 76 15 97 33
B 1 15 14 33
B 61 3 83 33
B 58 3 71 33
B 47 3 68 33
B 44 3 57 33
B 32 3 54 33
B 29 3 43 33
B 15 3 28 33
B 18 3 40 33
B 73 3 86 33
B 76 75 97 105
B 73 63 86 117
B 4 75 25 105
B 1 75 14 105
B 32 63 54 117
B 29 63 43 117
B 18 63 40 117
B 15 63 28 117
B 44 63 57 117
B 47 63 68 117
B 58 63 71 117
B 61 63 83 117
B 88 106 106 119
B 88 1 106 14
B 88 1 106 14
B 88 106 106 119
B 61 63 83 117
B 58 63 71 117
B 47 63 68 117
B 44 63 57 117
B 15 63 28 117
B 18 63 40 117
B 29 63 43 117
B 32 63 54 117
B 1 75 14 105
B 4 75 25 105
B 73 63 86 117
B 76 75 97 105
B 73 3 86 33
B 18 3 40 33
B 15 3 28 33
B 29 3 43 33
B 32 3 54 33
B 44 3 57 33
B 47 3 68 33
B 58 3 71 33
B 61 3 83 33
B 1 15 14 33
B 76 15 97 33
B 4 15 25 33
B 89 75 103 105
B 89 15 103 33
L 10
B 64 71 66 73
B 64 83 66 85
B 95 95 97 97
B 6 95 8 97
B 95 23 97 25
B 95 83 97 85
B 49 83 51 85
B 49 23 51 25
B 6 23 8 25
B 21 11 23 13
B 78 11 80 13
B 21 107 23 109
B 35 95 37 97
B 64 95 66 97
B 6 83 8 85
B 78 107 80 109
B 93 112 95 114
B 93 6 95 8
L 12
B 62 69 68 75
B 62 81 68 87
B 93 93 99 99
B 4 93 10 99
B 69 45 75 51
B 93 21 99 27
B 93 81 99 87
B 93 45 99 51
B 81 57 87 63
B 81 33 87 39
B 45 57 51 63
B 45 33 51 39
B 47 81 53 87
B 47 21 53 27
B 4 21 10 27
B 19 9 25 15
B 76 9 82 15
B 19 105 25 111
B 33 93 39 99
B 62 93 68 99
B 4 81 10 87
B 76 105 82 111
B 91 110 97 116
B 91 4 97 10
B 21 57 27 63
B 21 33 27 39
B 4 45 10 51
B 33 81 53 87
L 255
B 33 23 39 87
T 35 39 10 1638144 nq
L 12
B 33 21 39 87
B 62 69 68 99
B 93 81 99 99
B 4 81 10 99
B 57 45 75 51
B 57 33 63 51
B 45 33 63 39
B 45 57 87 63
B 93 21 99 87
B 81 21 87 99
L 255
B -3 -1 111 15
T 26 3 10 1638144 vss
B -3 105 111 121
T 26 109 10 1638144 vdd
L 12
B 21 21 27 99
B 4 21 10 87
B 33 93 68 99
L 255
B 81 21 87 99
T 83 41 10 1638144 i1
B 21 21 27 99
T 23 41 10 1638144 i0
L 12
B 33 21 53 27
B 33 21 53 27
B 21 21 27 99
B 81 21 87 99
B 33 93 68 99
B 4 21 10 87
B 21 21 27 99
B -3 105 111 121
B -3 -1 111 15
B 81 21 87 99
B 93 21 99 87
B 45 57 87 63
B 45 33 63 39
B 57 33 63 51
B 57 45 75 51
B 4 81 10 99
B 93 81 99 99
B 62 69 68 99
B 33 21 39 87
B 33 23 39 87
B 33 81 53 87
L 11
B 71 47 73 49
B 95 47 97 49
B 83 59 85 61
B 83 35 85 37
B 47 59 49 61
B 47 35 49 37
B 23 59 25 61
B 23 35 25 37
B 6 47 8 49
L 24
B 83 95 85 97
T 84 96 10 1638144 i1_40
B 83 83 85 85
T 84 84 10 1638144 i1_35
B 83 71 85 73
T 84 72 10 1638144 i1_30
B 83 59 85 61
T 84 60 10 1638144 i1_25
B 83 47 85 49
T 84 48 10 1638144 i1_20
B 83 35 85 37
T 84 36 10 1638144 i1_15
B 83 23 85 25
T 84 24 10 1638144 i1_10
B 23 95 25 97
T 24 96 10 1638144 i0_40
B 23 83 25 85
T 24 84 10 1638144 i0_35
B 23 71 25 73
T 24 72 10 1638144 i0_30
B 23 47 25 49
T 24 48 10 1638144 i0_20
B 23 59 25 61
T 24 60 10 1638144 i0_25
B 23 35 25 37
T 24 36 10 1638144 i0_15
B 23 23 25 25
T 24 24 10 1638144 i0_10
B 35 71 37 73
T 36 72 10 1638144 nq_30
B 35 83 37 85
T 36 84 10 1638144 nq_35
B 35 23 37 25
T 36 24 10 1638144 nq_10
B 35 35 37 37
T 36 36 10 1638144 nq_15
B 35 47 37 49
T 36 48 10 1638144 nq_20
B 35 59 37 61
T 36 60 10 1638144 nq_25
