; structure creation     : 64639/48707/37019 (0:116:5)
; structure modification : 64639/48707/37019 (0:116:5)
; structure name : oa2a22_x2
L 1
B 72 59 108 125
B -2 71 108 109
B 0 62 108 125
B -1 71 108 121
L 2
B 14 -1 58 37
B 72 -1 106 37
B -2 2 106 37
L 8
B 2 7 13 32
B 3 107 40 118
B 2 16 70 32
B 59 7 70 32
B 76 4 102 32
L 9
B 17 2 55 13
B 2 76 70 104
B 45 76 56 113
B 76 64 104 116
L 4
B 4 9 11 30
B 19 4 53 11
B 5 109 38 116
B 4 18 68 30
B 61 9 68 30
B 4 78 68 102
B 47 78 54 111
B 78 6 100 30
B 78 66 102 114
L 7
B 8 44 16 52
B 13 14 15 106
B 20 44 30 52
B 42 14 44 106
B 28 14 30 106
B 42 44 52 52
B 56 44 64 52
B 57 14 59 106
B 80 44 90 52
B 88 2 90 118
L 6
B 79 64 99 116
B 5 76 24 104
B 33 76 53 104
B 48 76 67 104
B 19 76 39 104
B 19 76 39 104
B 48 76 67 104
B 33 76 53 104
B 5 76 24 104
B 79 64 99 116
L 5
B 79 4 99 32
B 33 16 53 32
B 48 16 67 32
B 5 16 24 32
B 19 16 39 32
B 19 16 39 32
B 5 16 24 32
B 48 16 67 32
B 33 16 53 32
B 79 4 99 32
L 3
B 92 63 105 117
B 78 63 100 117
B 75 63 88 117
B 78 3 100 33
B 89 3 103 33
B 75 3 88 33
B 15 75 28 105
B 4 75 25 105
B 1 75 14 105
B 29 75 43 105
B 58 75 71 105
B 32 75 54 105
B 47 75 68 105
B 18 75 40 105
B 29 15 43 33
B 32 15 54 33
B 44 15 57 33
B 47 15 68 33
B 4 15 25 33
B 15 15 28 33
B 18 15 40 33
B 44 75 57 114
B 1 6 14 33
B 58 6 71 33
B 2 106 41 119
B 16 1 56 14
B 16 1 56 14
B 2 106 41 119
B 58 6 71 33
B 1 6 14 33
B 44 75 57 114
B 18 15 40 33
B 15 15 28 33
B 4 15 25 33
B 47 15 68 33
B 44 15 57 33
B 32 15 54 33
B 29 15 43 33
B 18 75 40 105
B 47 75 68 105
B 32 75 54 105
B 58 75 71 105
B 29 75 43 105
B 1 75 14 105
B 4 75 25 105
B 15 75 28 105
B 75 3 88 33
B 89 3 103 33
B 78 3 100 33
B 75 63 88 117
B 78 63 100 117
B 92 63 105 117
L 10
B 49 6 51 8
B 21 6 23 8
B 21 112 23 114
B 81 95 83 97
B 81 107 83 109
B 81 11 83 13
B 81 23 83 25
B 95 23 97 25
B 35 23 37 25
B 21 83 23 85
B 49 107 51 109
B 64 95 66 97
B 35 95 37 97
B 6 95 8 97
B 64 11 66 13
B 6 11 8 13
B 35 6 37 8
B 6 112 8 114
B 35 112 37 114
B 95 71 97 73
B 95 83 97 85
B 95 95 97 97
L 12
B 47 4 53 10
B 19 4 25 10
B 19 110 25 116
B 79 93 85 99
B 79 105 85 111
B 79 9 85 15
B 79 21 85 27
B 93 21 99 27
B 81 45 87 51
B 33 21 39 27
B 19 81 25 87
B 47 105 53 111
B 62 93 68 99
B 33 93 39 99
B 4 93 10 99
B 45 45 51 51
B 21 45 27 51
B 62 9 68 15
B 4 9 10 15
B 57 45 63 51
B 9 45 15 51
B 33 4 39 10
B 4 110 10 116
B 33 110 39 116
B 93 69 99 75
B 93 81 99 87
B 93 93 99 99
L 255
B -3 -1 111 15
T 26 3 10 1638144 vss
B -3 105 111 121
T 26 109 10 1638144 vdd
L 12
B 81 45 87 87
B 19 81 87 87
B 79 9 85 27
B 93 21 99 99
B 79 93 85 111
B 33 21 39 87
B 9 21 15 75
B 21 21 27 75
B 4 93 68 99
B 45 21 51 75
B 57 21 63 75
L 255
B 93 21 99 99
T 95 41 10 1638144 q
B 9 21 15 75
T 11 35 10 1638144 i0
B 21 21 27 75
T 23 35 10 1638144 i1
B 45 21 51 75
T 47 35 10 1638144 i2
B 57 21 63 75
T 59 35 10 1638144 i3
L 12
B 57 21 63 75
B 45 21 51 75
B 21 21 27 75
B 9 21 15 75
B 93 21 99 99
B 57 21 63 75
B 45 21 51 75
B 4 93 68 99
B 21 21 27 75
B 9 21 15 75
B 33 21 39 87
B 79 93 85 111
B 93 21 99 99
B 79 9 85 27
B 19 81 87 87
B 81 45 87 87
B -3 105 111 121
B -3 -1 111 15
L 11
B 83 47 85 49
B 47 47 49 49
B 23 47 25 49
B 59 47 61 49
B 11 47 13 49
L 24
B 95 59 97 61
T 96 60 10 1638144 q_25
B 95 35 97 37
T 96 36 10 1638144 q_15
B 95 23 97 25
T 96 24 10 1638144 q_10
B 95 47 97 49
T 96 48 10 1638144 q_20
B 95 71 97 73
T 96 72 10 1638144 q_30
B 95 83 97 85
T 96 84 10 1638144 q_35
B 95 95 97 97
T 96 96 10 1638144 q_40
B 11 23 13 25
T 12 24 10 1638144 i0_10
B 11 35 13 37
T 12 36 10 1638144 i0_15
B 11 47 13 49
T 12 48 10 1638144 i0_20
B 11 59 13 61
T 12 60 10 1638144 i0_25
B 11 71 13 73
T 12 72 10 1638144 i0_30
B 23 71 25 73
T 24 72 10 1638144 i1_30
B 23 59 25 61
T 24 60 10 1638144 i1_25
B 23 47 25 49
T 24 48 10 1638144 i1_20
B 23 35 25 37
T 24 36 10 1638144 i1_15
B 23 23 25 25
T 24 24 10 1638144 i1_10
B 47 23 49 25
T 48 24 10 1638144 i2_10
B 47 35 49 37
T 48 36 10 1638144 i2_15
B 47 47 49 49
T 48 48 10 1638144 i2_20
B 47 59 49 61
T 48 60 10 1638144 i2_25
B 47 71 49 73
T 48 72 10 1638144 i2_30
B 59 71 61 73
T 60 72 10 1638144 i3_30
B 59 59 61 61
T 60 60 10 1638144 i3_25
B 59 47 61 49
T 60 48 10 1638144 i3_20
B 59 35 61 37
T 60 36 10 1638144 i3_15
B 59 23 61 25
T 60 24 10 1638144 i3_10
