; structure creation     : 64639/48707/37019 (0:116:5)
; structure modification : 64639/48707/37019 (0:116:5)
; structure name : sff1_x4
L 1
B 170 59 216 125
B 0 62 218 121
B -2 71 218 109
B 0 62 216 125
B 170 59 218 121
L 2
B 28 -1 58 37
B 12 2 218 37
B -2 11 218 37
B 71 -1 218 37
L 8
B 16 7 27 32
B 2 16 42 32
B 59 7 70 32
B 42 16 142 20
B 102 4 142 20
B 102 4 114 32
B 131 4 142 32
B 42 16 114 32
B 42 16 214 20
B 174 4 214 32
B 131 16 214 32
L 9
B 34 2 52 13
B 2 76 42 104
B 16 76 27 113
B 77 2 96 13
B 74 76 85 116
B 42 88 85 116
B 102 76 114 116
B 74 76 114 104
B 149 2 168 13
B 174 64 214 116
B 42 88 214 104
B 102 88 214 116
L 4
B 4 18 40 30
B 18 9 25 30
B 4 78 40 102
B 18 78 25 111
B 36 4 50 11
B 61 9 68 30
B 76 78 83 114
B 44 90 83 114
B 76 78 83 114
B 79 4 94 11
B 104 6 112 30
B 44 18 112 30
B 104 78 112 114
B 104 78 112 114
B 76 78 112 102
B 104 6 140 18
B 151 4 166 11
B 133 6 140 30
B 176 6 212 30
B 133 18 212 30
B 104 90 212 114
B 44 90 212 102
B 176 66 212 114
L 7
B 13 32 23 39
B 13 14 15 39
B 15 32 23 40
B 32 44 40 52
B 3 56 11 64
B 15 68 23 76
B 13 69 23 75
B 28 14 30 106
B 13 69 15 106
B 57 14 59 40
B 71 14 73 40
B 56 32 64 40
B 68 32 76 40
B 68 68 76 76
B 44 68 52 76
B 44 71 76 73
B 56 80 64 88
B 71 68 73 118
B 57 80 59 118
B 85 14 87 40
B 114 2 116 27
B 80 32 88 40
B 92 44 102 51
B 92 44 100 52
B 100 14 102 51
B 80 56 88 64
B 80 68 88 76
B 85 68 87 106
B 114 81 116 118
B 100 59 102 106
B 129 2 131 39
B 114 20 124 27
B 116 20 124 28
B 121 32 129 40
B 121 32 131 39
B 143 44 153 51
B 145 44 153 52
B 157 14 159 61
B 143 14 145 51
B 32 47 153 49
B 3 59 159 61
B 150 81 159 88
B 121 69 131 76
B 121 68 129 76
B 116 80 124 88
B 114 81 124 88
B 150 80 157 88
B 129 69 131 118
B 143 59 145 118
B 157 81 159 118
B 172 32 181 39
B 172 14 174 39
B 174 32 181 40
B 174 44 181 52
B 174 45 203 51
B 172 57 181 63
B 174 56 181 64
B 172 57 174 118
B 186 2 188 118
B 201 2 203 118
L 6
B 163 88 183 116
B 149 88 168 116
B 134 88 154 116
B 91 76 111 104
B 105 88 125 116
B 77 76 96 104
B 5 76 24 104
B 19 76 39 104
B 48 88 67 116
B 62 88 82 116
B 177 64 197 116
B 192 64 211 116
B 120 88 139 116
B 120 88 139 116
B 192 64 211 116
B 177 64 197 116
B 62 88 82 116
B 48 88 67 116
B 19 76 39 104
B 5 76 24 104
B 77 76 96 104
B 105 88 125 116
B 91 76 111 104
B 134 88 154 116
B 149 88 168 116
B 163 88 183 116
L 5
B 149 16 168 32
B 163 16 183 32
B 134 16 154 32
B 105 4 125 20
B 91 16 111 32
B 77 16 96 32
B 19 16 39 32
B 5 16 24 32
B 62 16 82 32
B 48 16 67 32
B 177 4 197 32
B 192 4 211 32
B 120 4 139 20
B 120 4 139 20
B 192 4 211 32
B 177 4 197 32
B 48 16 67 32
B 62 16 82 32
B 5 16 24 32
B 19 16 39 32
B 77 16 96 32
B 91 16 111 32
B 105 4 125 20
B 134 16 154 32
B 163 16 183 32
B 149 16 168 32
L 3
B 145 15 158 33
B 145 87 158 117
B 148 15 169 33
B 162 15 184 33
B 162 87 184 117
B 148 87 169 117
B 133 87 155 117
B 133 15 155 33
B 104 3 126 21
B 90 15 112 33
B 90 75 112 105
B 104 87 126 117
B 76 75 97 105
B 76 15 97 33
B 73 15 86 33
B 73 75 86 117
B 101 75 115 117
B 87 75 100 105
B 29 75 43 105
B 15 6 28 33
B 18 15 40 33
B 29 15 43 33
B 4 15 25 33
B 1 15 14 33
B 15 75 28 114
B 1 75 14 105
B 4 75 25 105
B 18 75 40 105
B 58 6 71 33
B 61 15 83 33
B 47 15 68 33
B 101 3 115 33
B 87 15 100 33
B 176 3 198 33
B 159 15 172 33
B 202 3 215 33
B 191 3 212 33
B 188 3 201 33
B 173 3 187 33
B 130 3 143 33
B 116 3 129 21
B 130 3 143 21
B 119 3 140 21
B 58 87 71 117
B 47 87 68 117
B 159 87 172 117
B 61 87 83 117
B 173 63 187 117
B 176 63 198 117
B 202 63 215 117
B 191 63 212 117
B 188 63 201 117
B 119 87 140 117
B 113 87 127 117
B 128 87 141 117
B 33 1 53 14
B 76 1 97 14
B 148 1 169 14
B 41 87 55 117
B 41 15 55 33
B 41 15 55 33
B 41 87 55 117
B 148 1 169 14
B 76 1 97 14
B 33 1 53 14
B 128 87 141 117
B 113 87 127 117
B 119 87 140 117
B 188 63 201 117
B 191 63 212 117
B 202 63 215 117
B 176 63 198 117
B 173 63 187 117
B 61 87 83 117
B 159 87 172 117
B 47 87 68 117
B 58 87 71 117
B 119 3 140 21
B 130 3 143 21
B 116 3 129 21
B 130 3 143 33
B 173 3 187 33
B 188 3 201 33
B 191 3 212 33
B 202 3 215 33
B 159 15 172 33
B 176 3 198 33
B 87 15 100 33
B 101 3 115 33
B 47 15 68 33
B 61 15 83 33
B 58 6 71 33
B 18 75 40 105
B 4 75 25 105
B 1 75 14 105
B 15 75 28 114
B 1 15 14 33
B 4 15 25 33
B 29 15 43 33
B 18 15 40 33
B 15 6 28 33
B 29 75 43 105
B 87 75 100 105
B 101 75 115 117
B 73 75 86 117
B 73 15 86 33
B 76 15 97 33
B 76 75 97 105
B 104 87 126 117
B 90 75 112 105
B 90 15 112 33
B 104 3 126 21
B 133 15 155 33
B 133 87 155 117
B 148 87 169 117
B 162 87 184 117
B 162 15 184 33
B 148 15 169 33
B 145 87 158 117
B 145 15 158 33
L 10
B 93 83 95 85
B 165 6 167 8
B 150 6 152 8
B 193 83 195 85
B 193 95 195 97
B 35 23 37 25
B 6 23 8 25
B 93 6 95 8
B 78 6 80 8
B 49 6 51 8
B 35 6 37 8
B 21 107 23 109
B 6 83 8 85
B 21 11 23 13
B 64 11 66 13
B 193 23 195 25
B 179 23 181 25
B 208 23 210 25
B 179 11 181 13
B 208 11 210 13
B 136 23 138 25
B 93 23 95 25
B 121 11 123 13
B 150 23 152 25
B 64 107 66 109
B 208 83 210 85
B 208 95 210 97
B 179 107 181 109
B 208 107 210 109
B 179 95 181 97
B 179 83 181 85
B 179 71 181 73
B 193 71 195 73
B 208 71 210 73
B 136 95 138 97
B 121 107 123 109
B 150 95 152 97
B 35 83 37 85
B 6 95 8 97
B 47 95 49 97
B 47 23 49 25
L 12
B 33 45 39 51
B 91 81 97 87
B 81 69 87 75
B 163 4 169 10
B 148 4 154 10
B 191 81 197 87
B 191 93 197 99
B 16 33 22 39
B 33 21 39 27
B 4 21 10 27
B 81 33 87 39
B 81 57 87 63
B 69 69 75 75
B 69 33 75 39
B 57 33 63 39
B 57 81 63 87
B 91 4 97 10
B 76 4 82 10
B 47 4 53 10
B 33 4 39 10
B 45 69 51 75
B 4 57 10 63
B 16 69 22 75
B 19 105 25 111
B 4 81 10 87
B 19 9 25 15
B 62 9 68 15
B 191 21 197 27
B 177 21 183 27
B 206 21 212 27
B 177 9 183 15
B 206 9 212 15
B 134 21 140 27
B 91 21 97 27
B 119 9 125 15
B 148 21 154 27
B 62 105 68 111
B 206 81 212 87
B 206 93 212 99
B 177 105 183 111
B 206 105 212 111
B 177 93 183 99
B 177 81 183 87
B 177 69 183 75
B 191 69 197 75
B 206 69 212 75
B 134 93 140 99
B 119 105 125 111
B 148 93 154 99
B 151 81 157 87
B 117 21 123 27
B 93 45 99 51
B 122 69 128 75
B 146 45 152 51
B 122 33 128 39
B 175 33 181 39
B 175 57 181 63
B 117 81 123 87
B 33 81 39 87
B 4 93 10 99
B 175 45 181 51
B 45 93 51 99
B 45 21 51 27
B 189 21 195 99
L 255
B 69 21 75 27
T 71 23 10 1638144 i
B 69 93 75 99
T 71 95 10 1638144 i
B 57 33 63 87
T 59 47 10 1638144 i
L 12
B 16 33 27 39
B 16 69 27 75
B 21 21 27 99
L 255
B 21 21 27 99
T 23 41 10 1638144 ck
B 189 21 195 99
T 191 41 10 1638144 q
L 12
B 148 93 169 99
B 148 21 169 27
B 105 21 111 87
T 107 38 10 1638144 sff_m
B 163 21 169 99
B 91 81 111 87
B 69 33 75 75
T 71 44 10 1638144 u
B 93 45 99 75
B 81 69 99 75
B 4 21 10 87
B 81 33 87 63
L 255
B -3 -1 219 15
T 53 3 10 1638144 vss
B -3 105 219 121
T 53 109 10 1638144 vdd
L 12
B 105 69 128 75
B 148 45 154 87
B 117 21 140 27
B 91 21 111 27
B 105 33 128 39
B 206 69 212 111
B 177 69 183 111
B 206 9 212 27
B 177 9 183 27
B 134 21 140 99
T 135 41 10 1638144 y
B 117 81 140 87
B 33 21 39 87
B 4 81 10 99
B 57 21 63 99
B 57 21 75 27
B 57 93 75 99
B 45 21 51 99
B 163 45 181 51
B 175 33 195 39
B 175 57 195 63
B 175 57 195 63
B 175 33 195 39
B 163 45 181 51
B 45 21 51 99
B 57 93 75 99
B 57 21 75 27
B 57 21 63 99
B 4 81 10 99
B 33 21 39 87
B 117 81 140 87
B 134 21 140 99
B 177 9 183 27
B 206 9 212 27
B 177 69 183 111
B 206 69 212 111
B 105 33 128 39
B 91 21 111 27
B 117 21 140 27
B 148 45 154 87
B 105 69 128 75
B -3 105 219 121
B -3 -1 219 15
B 81 33 87 63
B 4 21 10 87
B 81 69 99 75
B 93 45 99 75
B 69 33 75 75
B 91 81 111 87
B 163 21 169 99
B 105 21 111 87
B 148 21 169 27
B 148 93 169 99
B 189 21 195 99
B 21 21 27 99
B 21 21 27 99
B 16 69 27 75
B 16 33 27 39
B 57 33 63 87
B 69 93 75 99
B 69 21 75 27
B 189 21 195 99
L 11
B 35 47 37 49
B 83 71 85 73
B 18 35 20 37
B 83 35 85 37
B 83 59 85 61
B 71 71 73 73
B 71 35 73 37
B 59 35 61 37
B 59 83 61 85
B 47 71 49 73
B 6 59 8 61
B 18 71 20 73
B 153 83 155 85
B 119 23 121 25
B 95 47 97 49
B 124 71 126 73
B 148 47 150 49
B 124 35 126 37
B 177 35 179 37
B 177 59 179 61
B 119 83 121 85
B 177 47 179 49
L 24
B 71 95 73 97
T 72 96 10 1638144 i_40
B 191 23 193 25
T 192 24 10 1638144 q_10
B 191 35 193 37
T 192 36 10 1638144 q_15
B 191 59 193 61
T 192 60 10 1638144 q_25
B 191 71 193 73
T 192 72 10 1638144 q_30
B 191 83 193 85
T 192 84 10 1638144 q_35
B 191 95 193 97
T 192 96 10 1638144 q_40
B 71 23 73 25
T 72 24 10 1638144 i_10
B 59 35 61 37
T 60 36 10 1638144 i_15
B 59 47 61 49
T 60 48 10 1638144 i_20
B 59 59 61 61
T 60 60 10 1638144 i_25
B 59 71 61 73
T 60 72 10 1638144 i_30
B 59 83 61 85
T 60 84 10 1638144 i_35
B 23 23 25 25
T 24 24 10 1638144 ck_10
B 23 35 25 37
T 24 36 10 1638144 ck_15
B 23 47 25 49
T 24 48 10 1638144 ck_20
B 23 59 25 61
T 24 60 10 1638144 ck_25
B 23 71 25 73
T 24 72 10 1638144 ck_30
B 23 83 25 85
T 24 84 10 1638144 ck_35
B 23 95 25 97
T 24 96 10 1638144 ck_40
B 191 47 193 49
T 192 48 10 1638144 q_20
