; structure creation     : 15/2/17 (14:26:26)
; structure modification : 18/2/17 (13:14:43)
; structure name : and4
L 1
B -8 69 61 120
B 55 69 88 120
L 2
B 55 1 88 42
B -8 1 61 42
L 3
B -6 71 59 118
B 57 71 86 118
B 57 3 86 40
B -6 3 59 40
L 4
B 60 109 78 115
B 2 109 56 115
B 60 26 78 32
B 60 6 78 12
B 60 75 78 93
B 2 75 56 93
B 2 26 56 32
B 2 6 56 12
L 5
B 0 24 80 34
L 6
B 0 73 80 95
L 7
B 68 23 70 96
B 46 23 48 96
B 34 23 36 96
B 22 23 24 96
B 10 23 12 96
B 62 48 68 54
B 28 48 34 54
B 16 48 22 54
B 4 48 10 54
B 40 48 46 54
L 8
B 58 107 80 117
B 0 107 58 117
B 58 24 80 34
B 0 24 58 34
L 9
B 58 4 80 14
B 58 73 80 95
B 0 73 58 95
B 0 4 58 14
L 10
B 70 111 72 113
B 66 111 68 113
B 74 111 76 113
B 62 111 64 113
B 40 111 42 113
B 32 111 34 113
B 36 111 38 113
B 28 111 30 113
B 20 111 22 113
B 24 111 26 113
B 4 111 6 113
B 16 111 18 113
B 8 111 10 113
B 12 111 14 113
B 52 111 54 113
B 44 111 46 113
B 48 111 50 113
B 74 28 76 30
B 62 28 64 30
B 70 8 72 10
B 66 8 68 10
B 74 8 76 10
B 62 8 64 10
B 74 85 76 87
B 74 89 76 91
B 62 85 64 87
B 62 89 64 91
B 74 77 76 79
B 74 81 76 83
B 62 77 64 79
B 62 81 64 83
B 40 8 42 10
B 32 8 34 10
B 36 8 38 10
B 28 8 30 10
B 20 8 22 10
B 24 8 26 10
B 16 81 18 83
B 16 77 18 79
B 16 89 18 91
B 16 85 18 87
B 28 81 30 83
B 28 77 30 79
B 28 89 30 91
B 28 85 30 87
B 4 81 6 83
B 4 77 6 79
B 4 89 6 91
B 4 85 6 87
B 4 8 6 10
B 16 8 18 10
B 8 8 10 10
B 12 8 14 10
B 4 28 6 30
B 52 81 54 83
B 52 77 54 79
B 52 89 54 91
B 52 85 54 87
B 52 28 54 30
B 40 81 42 83
B 40 77 42 79
B 40 89 42 91
B 40 85 42 87
B 52 8 54 10
B 44 8 46 10
B 48 8 50 10
L 11
B 64 50 66 52
B 30 50 32 52
B 18 50 20 52
B 6 50 8 52
B 42 50 44 52
L 12
B 58 109 80 121
B 60 75 66 109
B 26 75 32 109
B 2 75 8 109
B 0 109 58 121
B 50 75 56 109
B 56 48 62 54
B 58 0 80 12
B 72 26 78 93
B 60 12 66 32
B 62 48 68 54
B 72 36 80 44
B 26 53 34 61
B 28 48 34 54
B 14 71 20 93
B 2 12 8 32
B 14 53 22 61
B 2 53 10 61
B 16 48 22 54
B 4 48 10 54
B 0 0 58 12
B 50 26 56 71
B 38 53 46 61
B 40 48 46 54
B 38 71 44 93
B 14 65 50 71
; [strans] magnification(x 4) not supported
; [strans] magnification(x 4) not supported
; [strans] magnification(x 4) not supported
; [strans] magnification(x 4) not supported
; [strans] magnification(x 4) not supported
; [strans] magnification(x 4) not supported
; [strans] magnification(x 4) not supported
L 13
B 74 38 78 42
B 28 55 32 59
B 16 55 20 59
B 4 55 8 59
B 40 55 44 59
L 14
B 72 36 80 44
B 26 53 34 61
B 14 53 22 61
B 2 53 10 61
B 38 53 46 61
l 5
B 58 24 80 34
B 0 24 58 34
l 6
B 58 73 80 95
B 0 73 58 95
