; structure creation     : 15/2/17 (3:58:40)
; structure modification : 18/2/17 (13:14:43)
; structure name : MUXX2
L 1
B -8 69 64 123
L 2
B -8 0 64 42
L 3
B -6 71 62 121
B -6 2 62 40
L 4
B 2 6 54 12
B 2 107 54 113
B 2 75 20 93
B 2 26 20 32
B 24 75 54 93
B 24 26 54 32
L 5
B 0 24 56 34
L 6
B 0 73 56 95
L 7
B 28 97 34 103
B 40 16 46 22
B 44 22 46 24
B 32 95 34 97
B 32 34 34 37
B 12 37 34 42
B 4 53 10 59
B 12 65 46 69
B 44 69 46 73
B 32 72 34 95
B 44 73 46 96
B 10 23 12 96
B 32 23 34 34
B 44 24 46 35
L 8
B 0 24 56 34
B 0 105 56 115
L 9
B 0 73 56 95
B 0 4 56 14
L 10
B 36 8 38 10
B 48 8 50 10
B 40 8 42 10
B 44 8 46 10
B 20 8 22 10
B 32 8 34 10
B 24 8 26 10
B 28 8 30 10
B 36 109 38 111
B 48 109 50 111
B 40 109 42 111
B 44 109 46 111
B 20 109 22 111
B 32 109 34 111
B 24 109 26 111
B 28 109 30 111
B 4 81 6 83
B 4 77 6 79
B 16 81 18 83
B 16 77 18 79
B 4 89 6 91
B 4 85 6 87
B 16 89 18 91
B 16 85 18 87
B 4 8 6 10
B 16 8 18 10
B 8 8 10 10
B 12 8 14 10
B 4 28 6 30
B 16 28 18 30
B 4 109 6 111
B 16 109 18 111
B 8 109 10 111
B 12 109 14 111
B 26 81 28 83
B 26 77 28 79
B 26 89 28 91
B 26 85 28 87
B 26 28 28 30
B 50 81 52 83
B 50 77 52 79
B 50 89 52 91
B 50 85 52 87
B 50 28 52 30
B 38 81 40 83
B 38 77 40 79
B 38 89 40 91
B 38 85 40 87
B 38 28 40 30
L 11
B 30 99 32 101
B 42 18 44 20
B 6 55 8 57
L 12
B 2 12 8 32
B 14 26 20 93
B 2 75 8 107
B 36 26 42 93
B 24 26 30 93
B 48 26 54 93
B 28 97 34 103
B 40 16 46 22
B 14 93 20 97
B 14 97 28 103
B 14 22 20 26
B 14 16 40 22
B 0 107 56 119
B 0 0 56 12
B 24 58 32 66
B 34 46 42 54
B 46 58 54 66
B 2 58 10 66
B 4 53 10 59
; [strans] magnification(x 0.4) not supported
; [strans] magnification(x 0.4) not supported
; [strans] magnification(x 0.4) not supported
; [strans] magnification(x 0.4) not supported
; [strans] magnification(x 0.4) not supported
; [strans] magnification(x 0.4) not supported
L 13
B 26 60 30 64
B 36 48 40 52
B 48 60 52 64
B 4 60 8 64
L 14
B 24 58 32 66
B 34 46 42 54
B 46 58 54 66
B 2 58 10 66
l 5
B 0 24 56 34
l 6
B 0 73 56 95
