l 14
B 264 -18 282 -24
B 18 -24 30 -30
B 258 -24 282 -30
B 18 -30 54 -36
B 246 -30 288 -36
B 18 -36 66 -42
B 120 -36 198 -42
B 234 -36 288 -42
B 18 -42 72 -48
B 102 -42 216 -48
B 228 -42 288 -48
B 18 -48 288 -54
B 18 -54 288 -60
B 18 -60 288 -66
B 18 -66 288 -72
B 18 -72 288 -78
B 18 -78 282 -84
B 24 -84 282 -90
B 24 -90 276 -96
B 24 -96 282 -102
B 24 -102 282 -108
B 18 -108 150 -114
B 162 -108 288 -114
B 18 -114 120 -120
B 180 -114 288 -120
B 12 -120 108 -126
B 192 -120 294 -126
B 12 -126 102 -132
B 204 -126 294 -132
B 6 -132 96 -138
B 210 -132 294 -138
B 6 -138 90 -144
B 210 -138 294 -144
B 6 -144 84 -150
B 216 -144 294 -150
B 6 -150 84 -156
B 138 -150 162 -156
B 216 -150 294 -156
B 6 -156 78 -162
B 126 -156 168 -162
B 216 -156 294 -162
B 0 -162 78 -168
B 120 -162 174 -168
B 216 -162 294 -168
B 0 -168 78 -174
B 120 -168 180 -174
B 222 -168 294 -174
B 0 -174 78 -180
B 114 -174 180 -180
B 222 -174 294 -180
B 6 -180 78 -186
B 108 -180 186 -186
B 222 -180 294 -186
B 6 -186 78 -192
B 108 -186 186 -192
B 222 -186 294 -192
B 6 -192 78 -198
B 108 -192 186 -198
B 222 -192 294 -198
B 6 -198 84 -204
B 108 -198 186 -204
B 222 -198 294 -204
B 6 -204 90 -210
B 102 -204 186 -210
B 222 -204 294 -210
B 6 -210 186 -216
B 222 -210 294 -216
B 6 -216 186 -222
B 216 -216 294 -222
B 12 -222 180 -228
B 216 -222 294 -228
B 12 -228 180 -234
B 216 -228 294 -234
B 18 -234 180 -240
B 210 -234 294 -240
B 24 -240 174 -246
B 210 -240 294 -246
B 24 -246 168 -252
B 210 -246 288 -252
B 30 -252 162 -258
B 210 -252 282 -258
B 42 -258 156 -264
B 210 -258 282 -264
B 48 -264 144 -270
B 210 -264 276 -270
B 66 -270 132 -276
B 216 -270 270 -276
B 222 -276 258 -282
