l 7
B 148 -2 186 -4
B 130 -4 166 -6
B 168 -4 194 -6
B 120 -6 146 -8
B 158 -6 174 -8
B 186 -6 202 -8
B 114 -8 126 -10
B 170 -8 180 -10
B 198 -8 208 -10
B 110 -10 120 -12
B 176 -10 186 -12
B 202 -10 212 -12
B 106 -12 114 -14
B 182 -12 194 -14
B 208 -12 218 -14
B 102 -14 110 -16
B 186 -14 200 -16
B 214 -14 220 -16
B 98 -16 106 -18
B 190 -16 208 -18
B 216 -16 224 -18
B 96 -18 102 -20
B 194 -18 212 -20
B 220 -18 226 -20
B 92 -20 100 -22
B 110 -20 112 -22
B 196 -20 218 -22
B 224 -20 230 -22
B 90 -22 118 -24
B 200 -22 220 -24
B 226 -22 232 -24
B 88 -24 122 -26
B 202 -24 224 -26
B 228 -24 234 -26
B 86 -26 124 -28
B 206 -26 226 -28
B 232 -26 238 -28
B 84 -28 128 -30
B 208 -28 228 -30
B 234 -28 240 -30
B 80 -30 130 -32
B 210 -30 232 -32
B 236 -30 242 -32
B 78 -32 134 -34
B 212 -32 234 -34
B 240 -32 244 -34
B 74 -34 98 -36
B 100 -34 146 -36
B 150 -34 158 -36
B 214 -34 236 -36
B 242 -34 246 -36
B 70 -36 160 -38
B 216 -36 238 -38
B 244 -36 248 -38
B 66 -38 96 -40
B 98 -38 164 -40
B 218 -38 240 -40
B 246 -38 250 -40
B 62 -40 166 -42
B 220 -40 242 -42
B 248 -40 252 -42
B 58 -42 94 -44
B 96 -42 168 -44
B 220 -42 244 -44
B 250 -42 254 -44
B 56 -44 170 -46
B 222 -44 244 -46
B 252 -44 256 -46
B 52 -46 92 -48
B 94 -46 170 -48
B 224 -46 246 -48
B 254 -46 258 -48
B 50 -48 54 -50
B 56 -48 176 -50
B 224 -48 248 -50
B 256 -48 260 -50
B 46 -50 64 -52
B 66 -50 90 -52
B 92 -50 168 -52
B 170 -50 178 -52
B 226 -50 250 -52
B 256 -50 262 -52
B 44 -52 48 -54
B 52 -52 90 -54
B 92 -52 168 -54
B 170 -52 188 -54
B 228 -52 252 -54
B 258 -52 262 -54
B 42 -54 60 -56
B 62 -54 168 -56
B 170 -54 192 -56
B 228 -54 254 -56
B 260 -54 264 -56
B 40 -56 44 -58
B 46 -56 88 -58
B 90 -56 168 -58
B 170 -56 194 -58
B 230 -56 254 -58
B 262 -56 266 -58
B 38 -58 50 -60
B 54 -58 58 -60
B 60 -58 86 -60
B 90 -58 168 -60
B 170 -58 196 -60
B 230 -58 256 -60
B 262 -58 266 -60
B 36 -60 48 -62
B 54 -60 86 -62
B 94 -60 168 -62
B 170 -60 196 -62
B 232 -60 258 -62
B 264 -60 268 -62
B 34 -62 44 -64
B 52 -62 86 -64
B 96 -62 168 -64
B 170 -62 198 -64
B 232 -62 260 -64
B 266 -62 270 -64
B 32 -64 42 -66
B 50 -64 54 -66
B 56 -64 86 -66
B 96 -64 168 -66
B 170 -64 198 -66
B 232 -64 262 -66
B 266 -64 270 -66
B 30 -66 38 -68
B 50 -66 86 -68
B 96 -66 168 -68
B 170 -66 200 -68
B 234 -66 262 -68
B 268 -66 272 -68
B 28 -68 36 -70
B 48 -68 84 -70
B 94 -68 98 -70
B 102 -68 166 -70
B 170 -68 202 -70
B 234 -68 264 -70
B 270 -68 274 -70
B 26 -70 34 -72
B 46 -70 50 -72
B 52 -70 54 -72
B 60 -70 84 -72
B 94 -70 166 -72
B 170 -70 206 -72
B 234 -70 266 -72
B 270 -70 274 -72
B 24 -72 32 -74
B 46 -72 48 -74
B 60 -72 84 -74
B 86 -72 88 -74
B 92 -72 166 -74
B 170 -72 212 -74
B 236 -72 266 -74
B 272 -72 276 -74
B 22 -74 30 -76
B 44 -74 48 -76
B 60 -74 166 -76
B 168 -74 216 -76
B 236 -74 268 -76
B 272 -74 276 -76
B 22 -76 28 -78
B 44 -76 48 -78
B 60 -76 164 -78
B 168 -76 218 -78
B 236 -76 270 -78
B 274 -76 278 -78
B 20 -78 26 -80
B 42 -78 50 -80
B 60 -78 62 -80
B 66 -78 164 -80
B 168 -78 218 -80
B 238 -78 272 -80
B 274 -78 278 -80
B 18 -80 24 -82
B 42 -80 46 -82
B 48 -80 50 -82
B 58 -80 62 -82
B 66 -80 72 -82
B 74 -80 148 -82
B 154 -80 164 -82
B 168 -80 220 -82
B 238 -80 272 -82
B 276 -80 280 -82
B 18 -82 24 -84
B 42 -82 52 -84
B 56 -82 62 -84
B 66 -82 142 -84
B 144 -82 146 -84
B 154 -82 164 -84
B 168 -82 220 -84
B 238 -82 272 -84
B 276 -82 280 -84
B 16 -84 22 -86
B 42 -84 44 -86
B 46 -84 142 -86
B 144 -84 146 -86
B 154 -84 164 -86
B 168 -84 220 -86
B 238 -84 274 -86
B 278 -84 282 -86
B 14 -86 20 -88
B 40 -86 44 -88
B 46 -86 146 -88
B 154 -86 164 -88
B 168 -86 222 -88
B 240 -86 276 -88
B 280 -86 282 -88
B 14 -88 20 -90
B 40 -88 44 -90
B 46 -88 148 -90
B 154 -88 164 -90
B 168 -88 222 -90
B 240 -88 276 -90
B 280 -88 284 -90
B 12 -90 18 -92
B 40 -90 150 -92
B 152 -90 162 -92
B 166 -90 224 -92
B 240 -90 276 -92
B 280 -90 284 -92
B 12 -92 18 -94
B 38 -92 42 -94
B 44 -92 150 -94
B 152 -92 162 -94
B 166 -92 170 -94
B 172 -92 224 -94
B 240 -92 278 -94
B 282 -92 286 -94
B 10 -94 16 -96
B 38 -94 42 -96
B 44 -94 150 -96
B 152 -94 162 -96
B 166 -94 168 -96
B 172 -94 224 -96
B 242 -94 280 -96
B 282 -94 286 -96
B 10 -96 16 -98
B 38 -96 42 -98
B 44 -96 160 -98
B 164 -96 168 -98
B 172 -96 174 -98
B 176 -96 220 -98
B 222 -96 224 -98
B 242 -96 280 -98
B 284 -96 286 -98
B 8 -98 14 -100
B 38 -98 42 -100
B 44 -98 148 -100
B 150 -98 160 -100
B 164 -98 168 -100
B 172 -98 226 -100
B 242 -98 282 -100
B 284 -98 288 -100
B 8 -100 10 -102
B 12 -100 14 -102
B 38 -100 84 -102
B 86 -100 148 -102
B 150 -100 160 -102
B 164 -100 166 -102
B 174 -100 226 -102
B 242 -100 282 -102
B 284 -100 288 -102
B 8 -102 10 -104
B 12 -102 14 -104
B 38 -102 40 -104
B 42 -102 80 -104
B 82 -102 84 -104
B 86 -102 146 -104
B 150 -102 160 -104
B 162 -102 166 -104
B 174 -102 222 -104
B 224 -102 226 -104
B 242 -102 290 -104
B 6 -104 14 -106
B 38 -104 40 -106
B 42 -104 78 -106
B 82 -104 84 -106
B 86 -104 146 -106
B 148 -104 160 -106
B 162 -104 166 -106
B 174 -104 226 -106
B 242 -104 284 -106
B 286 -104 290 -106
B 6 -106 12 -108
B 36 -106 40 -108
B 42 -106 78 -108
B 82 -106 84 -108
B 86 -106 146 -108
B 148 -106 158 -108
B 162 -106 164 -108
B 176 -106 228 -108
B 242 -106 290 -108
B 6 -108 8 -110
B 10 -108 12 -110
B 36 -108 40 -110
B 42 -108 78 -110
B 82 -108 146 -110
B 148 -108 158 -110
B 160 -108 228 -110
B 242 -108 286 -110
B 288 -108 292 -110
B 4 -110 12 -112
B 36 -110 40 -112
B 42 -110 78 -112
B 82 -110 164 -112
B 174 -110 228 -112
B 242 -110 286 -112
B 288 -110 292 -112
B 4 -112 6 -114
B 8 -112 12 -114
B 36 -112 38 -114
B 42 -112 78 -114
B 82 -112 162 -114
B 178 -112 228 -114
B 242 -112 294 -114
B 4 -114 6 -116
B 8 -114 12 -116
B 36 -114 38 -116
B 42 -114 78 -116
B 80 -114 86 -116
B 88 -114 142 -116
B 144 -114 156 -116
B 158 -114 160 -116
B 178 -114 228 -116
B 242 -114 288 -116
B 290 -114 294 -116
B 4 -116 6 -118
B 8 -116 12 -118
B 36 -116 38 -118
B 42 -116 82 -118
B 84 -116 142 -118
B 144 -116 160 -118
B 180 -116 230 -118
B 242 -116 296 -118
B 2 -118 6 -120
B 8 -118 12 -120
B 36 -118 38 -120
B 42 -118 78 -120
B 84 -118 160 -120
B 180 -118 228 -120
B 242 -118 290 -120
B 292 -118 296 -120
B 2 -120 12 -122
B 36 -120 38 -122
B 42 -120 76 -122
B 86 -120 140 -122
B 142 -120 158 -122
B 182 -120 184 -122
B 186 -120 224 -122
B 226 -120 230 -122
B 242 -120 290 -122
B 294 -120 296 -122
B 2 -122 12 -124
B 36 -122 40 -124
B 42 -122 76 -124
B 86 -122 156 -124
B 182 -122 224 -124
B 226 -122 230 -124
B 242 -122 292 -124
B 294 -122 298 -124
B 2 -124 4 -126
B 6 -124 12 -126
B 36 -124 40 -126
B 42 -124 76 -126
B 88 -124 138 -126
B 140 -124 156 -126
B 184 -124 224 -126
B 226 -124 230 -126
B 242 -124 286 -126
B 288 -124 292 -126
B 294 -124 298 -126
B 2 -126 4 -128
B 6 -126 12 -128
B 36 -126 40 -128
B 42 -126 76 -128
B 88 -126 154 -128
B 184 -126 224 -128
B 226 -126 230 -128
B 242 -126 300 -128
B 2 -128 4 -130
B 6 -128 12 -130
B 38 -128 40 -130
B 42 -128 78 -130
B 88 -128 154 -130
B 186 -128 224 -130
B 226 -128 230 -130
B 240 -128 294 -130
B 296 -128 300 -130
B 2 -130 4 -132
B 6 -130 12 -132
B 38 -130 40 -132
B 42 -130 78 -132
B 90 -130 98 -132
B 100 -130 136 -132
B 140 -130 152 -132
B 188 -130 220 -132
B 226 -130 230 -132
B 240 -130 300 -132
B 0 -132 4 -134
B 6 -132 12 -134
B 38 -132 40 -134
B 42 -132 78 -134
B 80 -132 84 -134
B 92 -132 98 -134
B 100 -132 132 -134
B 138 -132 150 -134
B 188 -132 218 -134
B 226 -132 230 -134
B 240 -132 290 -134
B 292 -132 302 -134
B 0 -134 4 -136
B 6 -134 12 -136
B 38 -134 78 -136
B 82 -134 102 -136
B 104 -134 120 -136
B 190 -134 206 -136
B 208 -134 218 -136
B 226 -134 230 -136
B 240 -134 296 -136
B 298 -134 302 -136
B 2 -136 12 -138
B 38 -136 78 -138
B 84 -136 106 -138
B 108 -136 110 -138
B 192 -136 218 -138
B 226 -136 230 -138
B 238 -136 292 -138
B 294 -136 302 -138
B 2 -138 12 -140
B 38 -138 78 -140
B 82 -138 110 -140
B 192 -138 220 -140
B 226 -138 230 -140
B 238 -138 256 -140
B 264 -138 304 -140
B 2 -140 14 -142
B 40 -140 42 -142
B 44 -140 78 -142
B 80 -140 110 -142
B 194 -140 224 -142
B 226 -140 230 -142
B 238 -140 252 -142
B 266 -140 294 -142
B 296 -140 304 -142
B 2 -142 14 -144
B 40 -142 42 -144
B 44 -142 90 -144
B 102 -142 110 -144
B 196 -142 224 -144
B 226 -142 230 -144
B 238 -142 252 -144
B 266 -142 304 -144
B 2 -144 14 -146
B 40 -144 70 -146
B 78 -144 86 -146
B 96 -144 112 -146
B 196 -144 224 -146
B 226 -144 230 -146
B 236 -144 250 -146
B 268 -144 296 -146
B 298 -144 304 -146
B 2 -146 14 -148
B 42 -146 72 -148
B 78 -146 84 -148
B 92 -146 98 -148
B 100 -146 114 -148
B 196 -146 230 -148
B 236 -146 250 -148
B 268 -146 276 -148
B 286 -146 306 -148
B 4 -148 16 -150
B 42 -148 72 -150
B 76 -148 82 -150
B 90 -148 94 -150
B 106 -148 112 -150
B 194 -148 230 -150
B 234 -148 248 -150
B 270 -148 272 -150
B 288 -148 298 -150
B 300 -148 306 -150
B 4 -150 16 -152
B 44 -150 72 -152
B 74 -150 80 -152
B 90 -150 92 -152
B 108 -150 114 -152
B 194 -150 248 -152
B 288 -150 306 -152
B 4 -152 6 -154
B 8 -152 18 -154
B 46 -152 72 -154
B 76 -152 78 -154
B 88 -152 92 -154
B 110 -152 112 -154
B 194 -152 228 -154
B 232 -152 248 -154
B 290 -152 300 -154
B 302 -152 308 -154
B 4 -154 18 -156
B 46 -154 74 -156
B 76 -154 78 -156
B 88 -154 90 -156
B 110 -154 114 -156
B 194 -154 228 -156
B 232 -154 248 -156
B 288 -154 300 -156
B 302 -154 308 -156
B 6 -156 8 -158
B 10 -156 20 -158
B 50 -156 74 -158
B 76 -156 78 -158
B 86 -156 90 -158
B 112 -156 114 -158
B 194 -156 250 -158
B 288 -156 308 -158
B 6 -158 20 -160
B 54 -158 74 -160
B 76 -158 78 -160
B 86 -158 90 -160
B 112 -158 114 -160
B 194 -158 228 -160
B 230 -158 232 -160
B 234 -158 250 -160
B 288 -158 308 -160
B 8 -160 10 -162
B 12 -160 22 -162
B 54 -160 78 -162
B 86 -160 90 -162
B 112 -160 116 -162
B 160 -160 168 -162
B 194 -160 228 -162
B 234 -160 252 -162
B 286 -160 308 -162
B 8 -162 24 -164
B 50 -162 52 -164
B 54 -162 76 -164
B 86 -162 88 -164
B 114 -162 116 -164
B 158 -162 164 -164
B 194 -162 222 -164
B 224 -162 226 -164
B 234 -162 252 -164
B 284 -162 304 -164
B 306 -162 308 -164
B 12 -164 24 -166
B 50 -164 52 -166
B 54 -164 76 -166
B 86 -164 88 -166
B 114 -164 116 -166
B 156 -164 160 -166
B 180 -164 186 -166
B 192 -164 222 -166
B 224 -164 226 -166
B 234 -164 254 -166
B 284 -164 308 -166
B 14 -166 26 -168
B 50 -166 52 -168
B 54 -166 76 -168
B 86 -166 88 -168
B 114 -166 116 -168
B 170 -166 226 -168
B 234 -166 254 -168
B 282 -166 306 -168
B 16 -168 28 -170
B 50 -168 52 -170
B 54 -168 76 -170
B 86 -168 88 -170
B 114 -168 116 -170
B 166 -168 226 -170
B 234 -168 256 -170
B 280 -168 308 -170
B 18 -170 28 -172
B 50 -170 76 -172
B 86 -170 90 -172
B 114 -170 116 -172
B 162 -170 226 -172
B 234 -170 258 -172
B 276 -170 308 -172
B 20 -172 30 -174
B 50 -172 52 -174
B 54 -172 76 -174
B 86 -172 90 -174
B 112 -172 116 -174
B 160 -172 220 -174
B 222 -172 226 -174
B 232 -172 260 -174
B 274 -172 308 -174
B 24 -174 32 -176
B 50 -174 52 -176
B 54 -174 76 -176
B 88 -174 90 -176
B 112 -174 116 -176
B 156 -174 168 -176
B 180 -174 226 -176
B 232 -174 308 -176
B 28 -176 34 -178
B 50 -176 52 -178
B 54 -176 76 -178
B 88 -176 92 -178
B 112 -176 116 -178
B 154 -176 162 -178
B 190 -176 224 -178
B 232 -176 308 -178
B 32 -178 36 -180
B 48 -178 52 -180
B 54 -178 78 -180
B 88 -178 92 -180
B 112 -178 114 -180
B 190 -178 224 -180
B 230 -178 308 -180
B 34 -180 38 -182
B 48 -180 52 -182
B 54 -180 78 -182
B 90 -180 94 -182
B 112 -180 114 -182
B 190 -180 218 -182
B 220 -180 224 -182
B 228 -180 308 -182
B 48 -182 78 -184
B 90 -182 94 -184
B 110 -182 114 -184
B 190 -182 224 -184
B 226 -182 308 -184
B 48 -184 78 -186
B 92 -184 98 -186
B 108 -184 112 -186
B 188 -184 216 -186
B 218 -184 308 -186
B 48 -186 78 -188
B 94 -186 110 -188
B 188 -186 216 -188
B 218 -186 308 -188
B 48 -188 78 -190
B 96 -188 108 -190
B 188 -188 308 -190
B 48 -190 68 -192
B 70 -190 80 -192
B 188 -190 214 -192
B 216 -190 308 -192
B 46 -192 68 -194
B 70 -192 80 -194
B 186 -192 308 -194
B 46 -194 58 -196
B 66 -194 68 -196
B 70 -194 82 -196
B 140 -194 152 -196
B 190 -194 212 -196
B 214 -194 308 -196
B 46 -196 54 -198
B 66 -196 68 -198
B 70 -196 84 -198
B 134 -196 142 -198
B 148 -196 154 -198
B 190 -196 212 -198
B 214 -196 308 -198
B 46 -198 48 -200
B 66 -198 88 -200
B 130 -198 136 -200
B 148 -198 154 -200
B 186 -198 308 -200
B 66 -200 90 -202
B 134 -200 136 -202
B 148 -200 152 -202
B 182 -200 192 -202
B 194 -200 208 -202
B 210 -200 302 -202
B 304 -200 308 -202
B 66 -202 94 -204
B 134 -202 138 -204
B 146 -202 152 -204
B 176 -202 208 -204
B 210 -202 308 -204
B 64 -204 84 -206
B 88 -204 100 -206
B 136 -204 142 -206
B 146 -204 150 -206
B 172 -204 308 -206
B 64 -206 66 -208
B 68 -206 82 -208
B 92 -206 106 -208
B 140 -206 148 -208
B 164 -206 206 -208
B 208 -206 308 -208
B 64 -208 66 -210
B 68 -208 82 -210
B 96 -208 116 -210
B 154 -208 308 -210
B 64 -210 82 -212
B 96 -210 308 -212
B 64 -212 82 -214
B 94 -212 206 -214
B 208 -212 308 -214
B 64 -214 82 -216
B 94 -214 152 -216
B 158 -214 178 -216
B 180 -214 198 -216
B 200 -214 202 -216
B 210 -214 308 -216
B 62 -216 82 -218
B 94 -216 142 -218
B 158 -216 202 -218
B 212 -216 308 -218
B 62 -218 80 -220
B 94 -218 134 -220
B 136 -218 142 -220
B 158 -218 166 -220
B 168 -218 174 -220
B 178 -218 200 -220
B 214 -218 304 -220
B 306 -218 308 -220
B 62 -220 80 -222
B 94 -220 130 -222
B 132 -220 140 -222
B 156 -220 166 -222
B 168 -220 172 -222
B 176 -220 198 -222
B 216 -220 304 -222
B 306 -220 308 -222
B 62 -222 80 -224
B 92 -222 96 -224
B 98 -222 126 -224
B 134 -222 136 -224
B 154 -222 162 -224
B 164 -222 170 -224
B 174 -222 198 -224
B 218 -222 304 -224
B 306 -222 308 -224
B 62 -224 64 -226
B 66 -224 80 -226
B 92 -224 96 -226
B 98 -224 126 -226
B 132 -224 136 -226
B 152 -224 160 -226
B 164 -224 168 -226
B 172 -224 198 -226
B 214 -224 216 -226
B 220 -224 304 -226
B 306 -224 308 -226
B 62 -226 64 -228
B 66 -226 80 -228
B 92 -226 124 -228
B 132 -226 148 -228
B 150 -226 158 -228
B 162 -226 166 -228
B 170 -226 198 -228
B 214 -226 218 -228
B 220 -226 304 -228
B 306 -226 308 -228
B 60 -228 64 -230
B 66 -228 80 -230
B 92 -228 94 -230
B 96 -228 124 -230
B 130 -228 156 -230
B 162 -228 166 -230
B 168 -228 198 -230
B 216 -228 304 -230
B 306 -228 308 -230
B 60 -230 80 -232
B 90 -230 94 -232
B 96 -230 112 -232
B 116 -230 124 -232
B 130 -230 140 -232
B 144 -230 154 -232
B 158 -230 198 -232
B 204 -230 208 -232
B 212 -230 220 -232
B 222 -230 304 -232
B 306 -230 308 -232
B 60 -232 80 -234
B 90 -232 94 -234
B 96 -232 110 -234
B 114 -232 118 -234
B 120 -232 122 -234
B 130 -232 150 -234
B 158 -232 162 -234
B 164 -232 198 -234
B 206 -232 210 -234
B 214 -232 304 -234
B 306 -232 308 -234
B 60 -234 62 -236
B 64 -234 80 -236
B 90 -234 94 -236
B 96 -234 108 -236
B 114 -234 118 -236
B 120 -234 122 -236
B 130 -234 134 -236
B 140 -234 148 -236
B 156 -234 192 -236
B 194 -234 202 -236
B 208 -234 212 -236
B 214 -234 218 -236
B 220 -234 304 -236
B 306 -234 308 -236
B 60 -236 62 -238
B 64 -236 80 -238
B 90 -236 106 -238
B 114 -236 122 -238
B 130 -236 134 -238
B 142 -236 146 -238
B 154 -236 180 -238
B 182 -236 206 -238
B 210 -236 212 -238
B 216 -236 218 -238
B 220 -236 304 -238
B 306 -236 308 -238
B 60 -238 62 -240
B 64 -238 80 -240
B 88 -238 104 -240
B 110 -238 122 -240
B 130 -238 134 -240
B 140 -238 146 -240
B 154 -238 158 -240
B 162 -238 194 -240
B 196 -238 208 -240
B 210 -238 214 -240
B 216 -238 304 -240
B 306 -238 308 -240
B 58 -240 62 -242
B 68 -240 80 -242
B 88 -240 92 -242
B 94 -240 104 -242
B 108 -240 116 -242
B 118 -240 134 -242
B 138 -240 144 -242
B 152 -240 156 -242
B 162 -240 186 -242
B 188 -240 304 -242
B 306 -240 308 -242
B 58 -242 62 -244
B 68 -242 80 -244
B 88 -242 92 -244
B 94 -242 102 -244
B 108 -242 110 -244
B 112 -242 116 -244
B 118 -242 134 -244
B 138 -242 142 -244
B 150 -242 156 -244
B 160 -242 174 -244
B 176 -242 180 -244
B 182 -242 184 -244
B 190 -242 304 -244
B 306 -242 308 -244
B 58 -244 62 -246
B 68 -244 80 -246
B 88 -244 92 -246
B 94 -244 100 -246
B 106 -244 110 -246
B 112 -244 116 -246
B 118 -244 134 -246
B 136 -244 154 -246
B 158 -244 184 -246
B 190 -244 208 -246
B 210 -244 304 -246
B 306 -244 308 -246
B 58 -246 64 -248
B 66 -246 80 -248
B 88 -246 92 -248
B 94 -246 100 -248
B 106 -246 108 -248
B 112 -246 114 -248
B 124 -246 134 -248
B 136 -246 138 -248
B 144 -246 172 -248
B 174 -246 178 -248
B 180 -246 184 -248
B 192 -246 204 -248
B 206 -246 304 -248
B 306 -246 308 -248
B 58 -248 60 -250
B 62 -248 80 -250
B 86 -248 98 -250
B 104 -248 108 -250
B 112 -248 114 -250
B 116 -248 142 -250
B 148 -248 184 -250
B 194 -248 304 -250
B 306 -248 308 -250
B 56 -250 60 -252
B 62 -250 80 -252
B 86 -250 96 -252
B 102 -250 106 -252
B 112 -250 170 -252
B 172 -250 174 -252
B 178 -250 184 -252
B 196 -250 204 -252
B 210 -250 294 -252
B 300 -250 304 -252
B 306 -250 308 -252
B 56 -252 60 -254
B 62 -252 80 -254
B 86 -252 96 -254
B 102 -252 106 -254
B 112 -252 114 -254
B 126 -252 138 -254
B 140 -252 174 -254
B 178 -252 182 -254
B 210 -252 280 -254
B 282 -252 292 -254
B 302 -252 304 -254
B 306 -252 308 -254
B 56 -254 80 -256
B 86 -254 94 -256
B 102 -254 106 -256
B 122 -254 142 -256
B 144 -254 172 -256
B 176 -254 182 -256
B 210 -254 258 -256
B 260 -254 278 -256
B 284 -254 290 -256
B 306 -254 308 -256
B 56 -256 80 -258
B 84 -256 94 -258
B 100 -256 104 -258
B 120 -256 128 -258
B 130 -256 142 -258
B 144 -256 172 -258
B 176 -256 182 -258
B 210 -256 254 -258
B 260 -256 276 -258
B 284 -256 290 -258
B 304 -256 308 -258
B 56 -258 80 -260
B 84 -258 94 -260
B 100 -258 104 -260
B 118 -258 122 -260
B 124 -258 146 -260
B 148 -258 166 -260
B 168 -258 174 -260
B 176 -258 180 -260
B 210 -258 254 -260
B 260 -258 276 -260
B 284 -258 290 -260
B 304 -258 308 -260
B 56 -260 58 -262
B 60 -260 80 -262
B 84 -260 92 -262
B 100 -260 104 -262
B 116 -260 146 -262
B 148 -260 174 -262
B 176 -260 180 -262
B 210 -260 258 -262
B 260 -260 276 -262
B 284 -260 288 -262
B 304 -260 308 -262
B 56 -262 58 -264
B 60 -262 80 -264
B 84 -262 92 -264
B 98 -262 104 -264
B 116 -262 124 -264
B 126 -262 140 -264
B 142 -262 164 -264
B 166 -262 168 -264
B 170 -262 174 -264
B 176 -262 180 -264
B 210 -262 288 -264
B 304 -262 308 -264
B 54 -264 58 -266
B 60 -264 80 -266
B 84 -264 90 -266
B 98 -264 104 -266
B 116 -264 168 -266
B 170 -264 174 -266
B 176 -264 180 -266
B 210 -264 288 -266
B 304 -264 308 -266
B 54 -266 58 -268
B 60 -266 80 -268
B 82 -266 90 -268
B 98 -266 104 -268
B 116 -266 120 -268
B 122 -266 136 -268
B 138 -266 168 -268
B 170 -266 174 -268
B 176 -266 180 -268
B 210 -266 288 -268
B 304 -266 308 -268
B 54 -268 58 -270
B 60 -268 86 -270
B 100 -268 104 -270
B 118 -268 168 -270
B 172 -268 178 -270
B 210 -268 290 -270
B 304 -268 308 -270
B 54 -270 58 -272
B 60 -270 76 -272
B 78 -270 84 -272
B 100 -270 104 -272
B 120 -270 168 -272
B 172 -270 178 -272
B 210 -270 292 -272
B 298 -270 300 -272
B 304 -270 308 -272
B 54 -272 58 -274
B 60 -272 76 -274
B 78 -272 84 -274
B 100 -272 104 -274
B 122 -272 134 -274
B 136 -272 166 -274
B 172 -272 178 -274
B 208 -272 300 -274
B 302 -272 308 -274
B 54 -274 56 -276
B 60 -274 84 -276
B 100 -274 106 -276
B 122 -274 134 -276
B 136 -274 166 -276
B 172 -274 178 -276
B 208 -274 300 -276
B 302 -274 308 -276
B 52 -276 56 -278
B 60 -276 82 -278
B 100 -276 106 -278
B 122 -276 128 -278
B 132 -276 166 -278
B 174 -276 180 -278
B 208 -276 300 -278
B 302 -276 306 -278
B 52 -278 56 -280
B 58 -278 82 -280
B 102 -278 108 -280
B 122 -278 124 -280
B 126 -278 128 -280
B 132 -278 160 -280
B 162 -278 166 -280
B 174 -278 180 -280
B 206 -278 300 -280
B 302 -278 306 -280
B 52 -280 56 -282
B 58 -280 82 -282
B 102 -280 108 -282
B 122 -280 124 -282
B 126 -280 128 -282
B 132 -280 160 -282
B 162 -280 166 -282
B 174 -280 182 -282
B 206 -280 298 -282
B 302 -280 306 -282
B 52 -282 56 -284
B 58 -282 84 -284
B 102 -282 108 -284
B 122 -282 128 -284
B 132 -282 160 -284
B 162 -282 166 -284
B 174 -282 184 -284
B 204 -282 298 -284
B 300 -282 306 -284
B 52 -284 56 -286
B 58 -284 84 -286
B 102 -284 108 -286
B 122 -284 128 -286
B 134 -284 160 -286
B 162 -284 166 -286
B 174 -284 186 -286
B 204 -284 298 -286
B 300 -284 304 -286
B 52 -286 56 -288
B 58 -286 84 -288
B 102 -286 108 -288
B 122 -286 128 -288
B 134 -286 160 -288
B 162 -286 168 -288
B 174 -286 194 -288
B 200 -286 298 -288
B 300 -286 304 -288
B 52 -288 56 -290
B 58 -288 86 -290
B 102 -288 108 -290
B 120 -288 126 -290
B 136 -288 160 -290
B 162 -288 168 -290
B 174 -288 304 -290
B 54 -290 56 -292
B 58 -290 86 -292
B 104 -290 168 -292
B 174 -290 296 -292
B 298 -290 304 -292
B 54 -292 86 -294
B 106 -292 116 -294
B 122 -292 296 -294
B 298 -292 304 -294
B 54 -294 58 -296
B 60 -294 86 -296
B 104 -294 112 -296
B 126 -294 130 -296
B 140 -294 296 -296
B 298 -294 302 -296
B 52 -296 58 -298
B 60 -296 88 -298
B 102 -296 112 -298
B 140 -296 154 -298
B 160 -296 294 -298
B 298 -296 302 -298
B 50 -298 58 -300
B 60 -298 88 -300
B 102 -298 112 -300
B 142 -298 152 -300
B 172 -298 178 -300
B 184 -298 294 -300
B 296 -298 302 -300
B 46 -300 54 -302
B 56 -300 88 -302
B 100 -300 116 -302
B 142 -300 150 -302
B 172 -300 178 -302
B 190 -300 294 -302
B 296 -300 300 -302
B 42 -302 54 -304
B 58 -302 62 -304
B 64 -302 90 -304
B 98 -302 104 -304
B 106 -302 130 -304
B 168 -302 178 -304
B 194 -302 300 -304
B 40 -304 54 -306
B 60 -304 90 -306
B 98 -304 108 -306
B 112 -304 180 -306
B 198 -304 292 -306
B 294 -304 298 -306
B 40 -306 48 -308
B 50 -306 54 -308
B 62 -306 92 -308
B 96 -306 108 -308
B 118 -306 122 -308
B 124 -306 172 -308
B 178 -306 182 -308
B 202 -306 290 -308
B 294 -306 298 -308
B 38 -308 42 -310
B 44 -308 48 -310
B 50 -308 54 -310
B 66 -308 72 -310
B 74 -308 92 -310
B 94 -308 106 -310
B 118 -308 122 -310
B 136 -308 138 -310
B 144 -308 158 -310
B 166 -308 168 -310
B 178 -308 184 -310
B 204 -308 290 -310
B 292 -308 298 -310
