; structure creation     : 65407/1012/36894 (0:20696:13825)
; structure modification : 65407/1012/36894 (0:20696:13825)
; structure name : chip
L 12
B 70 800 95 825
B 70 1033 95 1058
B 120 1143 145 1168
B 120 910 145 935
B 120 715 145 740
B 70 605 95 630
B 1275 715 1300 740
B 1275 910 1300 935
B 1275 1143 1300 1168
B 1325 1033 1350 1058
B 1325 800 1350 825
B 1325 605 1350 630
B 658 445 683 470
B 700 408 725 433
B 1325 408 1350 433
B 1275 445 1300 470
B 70 408 95 433
B 120 445 145 470
B 1495 445 1545 470
B 215 408 265 433
B 77 805 176 821
B 72 1037 176 1053
B 122 1147 176 1163
B 122 915 176 931
B 122 720 176 736
B 72 610 176 626
B 1245 1147 1291 1163
B 1245 1037 1346 1053
B 1245 720 1293 736
B 1245 915 1293 931
B 1245 805 1348 821
B 1245 610 1343 626
B 120 445 1546 471
B 70 407 1351 433
B 70 407 1351 433
B 120 445 1546 471
B 1245 610 1343 626
B 1245 805 1348 821
B 1245 915 1293 931
B 1245 720 1293 736
B 1245 1037 1346 1053
B 1245 1147 1291 1163
B 72 610 176 626
B 122 720 176 736
B 122 915 176 931
B 122 1147 176 1163
B 72 1037 176 1053
B 77 805 176 821
L 13
B 88 818 92 822
B 88 810 92 814
B 88 802 92 806
B 80 818 84 822
B 80 810 84 814
B 80 802 84 806
B 72 818 76 822
B 72 810 76 814
B 72 802 76 806
B 88 1051 92 1055
B 88 1043 92 1047
B 88 1035 92 1039
B 80 1051 84 1055
B 80 1043 84 1047
B 80 1035 84 1039
B 72 1051 76 1055
B 72 1043 76 1047
B 72 1035 76 1039
B 138 1161 142 1165
B 138 1153 142 1157
B 138 1145 142 1149
B 130 1161 134 1165
B 130 1153 134 1157
B 130 1145 134 1149
B 122 1161 126 1165
B 122 1153 126 1157
B 122 1145 126 1149
B 138 928 142 932
B 138 920 142 924
B 138 912 142 916
B 130 928 134 932
B 130 920 134 924
B 130 912 134 916
B 122 928 126 932
B 122 920 126 924
B 122 912 126 916
B 138 733 142 737
B 138 725 142 729
B 138 717 142 721
B 130 733 134 737
B 130 725 134 729
B 130 717 134 721
B 122 733 126 737
B 122 725 126 729
B 122 717 126 721
B 88 623 92 627
B 88 615 92 619
B 88 607 92 611
B 80 623 84 627
B 80 615 84 619
B 80 607 84 611
B 72 623 76 627
B 72 615 76 619
B 72 607 76 611
B 1293 733 1297 737
B 1293 725 1297 729
B 1293 717 1297 721
B 1285 733 1289 737
B 1285 725 1289 729
B 1285 717 1289 721
B 1277 733 1281 737
B 1277 725 1281 729
B 1277 717 1281 721
B 1293 928 1297 932
B 1293 920 1297 924
B 1293 912 1297 916
B 1285 928 1289 932
B 1285 920 1289 924
B 1285 912 1289 916
B 1277 928 1281 932
B 1277 920 1281 924
B 1277 912 1281 916
B 1293 1161 1297 1165
B 1293 1153 1297 1157
B 1293 1145 1297 1149
B 1285 1161 1289 1165
B 1285 1153 1289 1157
B 1285 1145 1289 1149
B 1277 1161 1281 1165
B 1277 1153 1281 1157
B 1277 1145 1281 1149
B 1343 1051 1347 1055
B 1343 1043 1347 1047
B 1343 1035 1347 1039
B 1335 1051 1339 1055
B 1335 1043 1339 1047
B 1335 1035 1339 1039
B 1327 1051 1331 1055
B 1327 1043 1331 1047
B 1327 1035 1331 1039
B 1343 818 1347 822
B 1343 810 1347 814
B 1343 802 1347 806
B 1335 818 1339 822
B 1335 810 1339 814
B 1335 802 1339 806
B 1327 818 1331 822
B 1327 810 1331 814
B 1327 802 1331 806
B 1343 623 1347 627
B 1343 615 1347 619
B 1343 607 1347 611
B 1335 623 1339 627
B 1335 615 1339 619
B 1335 607 1339 611
B 1327 623 1331 627
B 1327 615 1331 619
B 1327 607 1331 611
B 676 463 680 467
B 676 455 680 459
B 676 447 680 451
B 668 463 672 467
B 668 455 672 459
B 668 447 672 451
B 660 463 664 467
B 660 455 664 459
B 660 447 664 451
B 718 426 722 430
B 718 418 722 422
B 718 410 722 414
B 710 426 714 430
B 710 418 714 422
B 710 410 714 414
B 702 426 706 430
B 702 418 706 422
B 702 410 706 414
B 1343 426 1347 430
B 1343 418 1347 422
B 1343 410 1347 414
B 1335 426 1339 430
B 1335 418 1339 422
B 1335 410 1339 414
B 1327 426 1331 430
B 1327 418 1331 422
B 1327 410 1331 414
B 1293 463 1297 467
B 1293 455 1297 459
B 1293 447 1297 451
B 1285 463 1289 467
B 1285 455 1289 459
B 1285 447 1289 451
B 1277 463 1281 467
B 1277 455 1281 459
B 1277 447 1281 451
B 88 426 92 430
B 88 418 92 422
B 88 410 92 414
B 80 426 84 430
B 80 418 84 422
B 80 410 84 414
B 72 426 76 430
B 72 418 76 422
B 72 410 76 414
B 138 463 142 467
B 138 455 142 459
B 138 447 142 451
B 130 463 134 467
B 130 455 134 459
B 130 447 134 451
B 122 463 126 467
B 122 455 126 459
B 122 447 126 451
B 1537 463 1541 467
B 1537 455 1541 459
B 1537 447 1541 451
B 1529 463 1533 467
B 1529 455 1533 459
B 1529 447 1533 451
B 1521 463 1525 467
B 1521 455 1525 459
B 1521 447 1525 451
B 1513 463 1517 467
B 1513 455 1517 459
B 1513 447 1517 451
B 1505 463 1509 467
B 1505 455 1509 459
B 1505 447 1509 451
B 1497 463 1501 467
B 1497 455 1501 459
B 1497 447 1501 451
B 257 426 261 430
B 257 418 261 422
B 257 410 261 414
B 249 426 253 430
B 249 418 253 422
B 249 410 253 414
B 241 426 245 430
B 241 418 245 422
B 241 410 245 414
B 233 426 237 430
B 233 418 237 422
B 233 410 237 414
B 225 426 229 430
B 225 418 229 422
B 225 410 229 414
B 217 426 221 430
B 217 418 221 422
B 217 410 221 414
L 14
B 70 800 95 825
B 70 1033 95 1058
B 120 1143 145 1168
B 120 910 145 935
B 120 715 145 740
B 70 605 95 630
B 1275 715 1300 740
B 1275 910 1300 935
B 1275 1143 1300 1168
B 1325 1033 1350 1058
B 1325 800 1350 825
B 1325 605 1350 630
B 658 445 683 470
B 700 408 725 433
B 1325 408 1350 433
B 1275 445 1300 470
B 70 408 95 433
B 120 445 145 470
B 1495 445 1545 470
B 215 408 265 433
B 70 407 96 1058
B 120 445 146 1168
B 1275 445 1301 1168
B 1325 407 1351 1058
B 170 387 176 511
B 700 407 726 518
B 657 445 683 518
B 170 505 213 511
B 207 505 213 518
B 590 387 596 503
B 270 497 596 503
B 270 497 276 518
B 750 387 756 511
B 750 505 988 511
B 982 505 988 518
B 910 387 916 496
B 910 490 1151 496
B 1145 490 1151 518
B 1107 387 1113 481
B 1107 475 1213 481
B 1207 475 1213 518
B 1495 387 1546 471
B 215 387 266 433
B 215 387 266 433
B 1495 387 1546 471
B 1207 475 1213 518
B 1107 475 1213 481
B 1107 387 1113 481
B 1145 490 1151 518
B 910 490 1151 496
B 910 387 916 496
B 982 505 988 518
B 750 505 988 511
B 750 387 756 511
B 270 497 276 518
B 270 497 596 503
B 590 387 596 503
B 207 505 213 518
B 170 505 213 511
B 657 445 683 518
B 700 407 726 518
B 170 387 176 511
B 1325 407 1351 1058
B 1275 445 1301 1168
B 120 445 146 1168
B 70 407 96 1058
C 173 515 1 1 0 core_top
C 320 0 1 1 0 pad_line
