; structure creation     : 65407/1012/36894 (0:20696:13825)
; structure modification : 65407/1012/36894 (0:20696:13825)
; structure name : core_top
L 12
B 9 81 17 89
B 21 69 29 77
B 34 19 42 27
B 34 6 42 14
B 46 56 54 64
B 46 6 54 14
B 71 44 79 52
B 84 69 92 77
B 96 31 104 39
B 96 6 104 14
B 109 69 117 77
B 109 6 117 14
B 121 31 129 39
B 121 6 129 14
B 146 69 154 77
B 159 31 167 39
B 246 44 254 52
B 384 31 392 39
B 584 56 592 64
B 621 81 629 89
B 759 81 767 89
B 809 6 817 14
B 846 56 854 64
B 971 44 979 52
B 971 19 979 27
B 984 44 992 52
B 984 6 992 14
B 1021 56 1029 64
B 1034 69 1042 77
B 1034 6 1042 14
B 1046 81 1054 89
B 1046 116 1054 124
B 1034 129 1042 137
B 1021 154 1029 162
B 984 154 992 162
B 846 154 854 162
B 809 154 817 162
B 759 154 767 162
B 621 154 629 162
B 584 154 592 162
B 384 154 392 162
B 246 154 254 162
B 209 154 217 162
B 159 116 167 124
B 146 129 154 137
B 134 154 142 162
B 96 116 104 124
B 84 129 92 137
B 71 154 79 162
B 34 116 42 124
B 21 129 29 137
B 9 154 17 162
B 21 276 29 284
B 59 226 67 234
B 134 226 142 234
B 196 264 204 272
B 209 276 217 284
B 246 276 254 284
B 246 226 254 234
B 259 276 267 284
B 259 264 267 272
B 284 264 292 272
B 584 226 592 234
B 609 251 617 259
B 634 239 642 247
B 646 276 654 284
B 659 276 667 284
B 659 239 667 247
B 684 264 692 272
B 696 264 704 272
B 696 251 704 259
B 746 264 754 272
B 771 264 779 272
B 784 251 792 259
B 809 276 817 284
B 809 226 817 234
B 821 276 829 284
B 821 251 829 259
B 859 276 867 284
B 871 276 879 284
B 871 264 879 272
B 959 276 967 284
B 984 276 992 284
B 1046 276 1054 284
B 1046 349 1054 357
B 1059 349 1067 357
B 971 349 979 357
B 959 374 967 382
B 859 349 867 357
B 846 374 854 382
B 909 336 917 344
B 771 349 779 357
B 784 336 792 344
B 796 336 804 344
B 809 336 817 344
B 734 349 742 357
B 746 349 754 357
B 709 336 717 344
B 696 336 704 344
B 684 349 692 357
B 621 349 629 357
B 646 349 654 357
B 634 349 642 357
B 609 336 617 344
B 421 349 429 357
B 284 349 292 357
B 246 349 254 357
B 196 349 204 357
B 59 349 67 357
B 21 349 29 357
B 21 509 29 517
B 59 496 67 504
B 196 484 204 492
B 246 509 254 517
B 284 509 292 517
B 421 471 429 479
B 421 421 429 429
B 621 459 629 467
B 621 434 629 442
B 634 446 642 454
B 646 471 654 479
B 646 434 654 442
B 684 471 692 479
B 684 434 692 442
B 696 471 704 479
B 709 421 717 429
B 721 509 729 517
B 734 509 742 517
B 734 484 742 492
B 746 471 754 479
B 759 509 767 517
B 759 446 767 454
B 771 484 779 492
B 771 446 779 454
B 771 421 779 429
B 784 509 792 517
B 784 446 792 454
B 796 509 804 517
B 796 471 804 479
B 809 459 817 467
B 834 509 842 517
B 846 459 854 467
B 859 484 867 492
B 871 459 879 467
B 909 509 917 517
B 909 434 917 442
B 921 509 929 517
B 971 484 979 492
B 1009 496 1017 504
B 1021 509 1029 517
B 1034 471 1042 479
B 1034 421 1042 429
B 1059 421 1067 429
B 1034 569 1042 577
B 1021 569 1029 577
B 1009 581 1017 589
B 909 594 917 602
B 971 569 979 577
B 921 581 929 589
B 871 581 879 589
B 834 594 842 602
B 859 594 867 602
B 809 581 817 589
B 771 581 779 589
B 796 594 804 602
B 746 569 754 577
B 734 569 742 577
B 721 581 729 589
B 621 594 629 602
B 684 569 692 577
B 634 581 642 589
B 421 581 429 589
B 284 581 292 589
B 246 581 254 589
B 196 581 204 589
B 59 581 67 589
B 21 581 29 589
B 542 526 550 534
B 527 526 535 534
B 502 636 510 644
B 487 636 495 644
B 542 294 550 302
B 527 294 535 302
B 502 404 510 412
B 487 404 495 412
B 542 99 550 107
B 527 99 535 107
B 502 209 510 217
B 487 209 495 217
L 60
B 1072 522 1078 538
B 1072 632 1078 648
B -3 522 3 538
B -3 632 3 648
B 1072 290 1078 306
B 1072 400 1078 416
B -3 290 3 306
B -3 400 3 416
B 1072 95 1078 111
B 1072 205 1078 221
B -3 95 3 111
B -3 205 3 221
L 12
B 10 82 628 88
L 60
L 12
B 22 70 1041 76
L 60
L 12
B 35 20 978 26
L 60
L 12
B 35 7 53 13
L 60
L 12
B 47 57 591 63
L 60
L 12
B 72 45 253 51
L 60
L 12
B 97 32 128 38
L 60
L 12
B 97 7 116 13
L 60
L 12
B 122 7 816 13
L 60
L 12
B 160 32 391 38
L 60
L 12
B 760 82 1053 88
L 60
L 12
B 847 57 1028 63
L 60
L 12
B 972 45 991 51
L 60
L 12
B 985 7 1041 13
L 60
L 12
B 22 277 253 283
L 60
L 12
B 60 227 141 233
L 60
L 12
B 197 265 266 271
L 60
L 12
B 247 227 816 233
L 60
L 12
B 260 277 653 283
L 60
L 12
B 285 265 691 271
L 60
L 12
B 610 252 703 258
L 60
L 12
B 635 240 666 246
L 60
L 12
B 660 277 816 283
L 60
L 12
B 697 265 753 271
L 60
L 12
B 772 265 878 271
L 60
L 12
B 785 252 828 258
L 60
L 12
B 822 277 866 283
L 60
L 12
B 872 277 966 283
L 60
L 12
B 985 277 1053 283
L 60
L 12
B 22 510 253 516
L 60
L 12
B 60 497 1016 503
L 60
L 12
B 197 485 978 491
L 60
L 12
B 285 510 728 516
L 60
L 12
B 422 472 691 478
L 60
L 12
B 422 422 778 428
L 60
L 12
B 622 460 816 466
L 60
L 12
B 622 435 653 441
L 60
L 12
B 635 447 766 453
L 60
L 12
B 685 435 916 441
L 60
L 12
B 697 472 1041 478
L 60
L 12
B 735 510 766 516
L 60
L 12
B 772 447 791 453
L 60
L 12
B 785 510 916 516
L 60
L 12
B 847 460 878 466
L 60
L 12
B 922 510 1028 516
L 60
L 12
B 1035 422 1066 428
L 60
L 12
B 527 522 551 538
B 527 522 551 538
B 487 632 511 648
B 487 632 511 648
B 472 632 566 648
L 60
L 12
B 472 522 566 538
L 60
L 12
B 527 290 551 306
B 527 290 551 306
B 487 400 511 416
B 487 400 511 416
B 472 400 566 416
L 60
L 12
B 472 290 566 306
L 60
L 12
B 527 95 551 111
B 527 95 551 111
B 487 205 511 221
B 487 205 511 221
B 472 205 566 221
L 60
L 12
B 472 95 566 111
L 60
L 12
B 472 95 566 111
B 472 205 566 221
B 487 205 511 221
B 487 205 511 221
B 527 95 551 111
B 527 95 551 111
B 472 290 566 306
B 472 400 566 416
B 487 400 511 416
B 487 400 511 416
B 527 290 551 306
B 527 290 551 306
B 472 522 566 538
B 472 632 566 648
B 487 632 511 648
B 487 632 511 648
B 527 522 551 538
B 527 522 551 538
B 1035 422 1066 428
B 922 510 1028 516
B 847 460 878 466
B 785 510 916 516
B 772 447 791 453
B 735 510 766 516
B 697 472 1041 478
B 685 435 916 441
B 635 447 766 453
B 622 435 653 441
B 622 460 816 466
B 422 422 778 428
B 422 472 691 478
B 285 510 728 516
B 197 485 978 491
B 60 497 1016 503
B 22 510 253 516
B 985 277 1053 283
B 872 277 966 283
B 822 277 866 283
B 785 252 828 258
B 772 265 878 271
B 697 265 753 271
B 660 277 816 283
B 635 240 666 246
B 610 252 703 258
B 285 265 691 271
B 260 277 653 283
B 247 227 816 233
B 197 265 266 271
B 60 227 141 233
B 22 277 253 283
B 985 7 1041 13
B 972 45 991 51
B 847 57 1028 63
B 760 82 1053 88
B 160 32 391 38
B 122 7 816 13
B 97 7 116 13
B 97 32 128 38
B 72 45 253 51
B 47 57 591 63
B 35 7 53 13
B 35 20 978 26
B 22 70 1041 76
B 10 82 628 88
L 13
B 11 83 15 87
B 23 71 27 75
B 36 21 40 25
B 36 8 40 12
B 48 58 52 62
B 48 8 52 12
B 73 46 77 50
B 86 71 90 75
B 98 33 102 37
B 98 8 102 12
B 111 71 115 75
B 111 8 115 12
B 123 33 127 37
B 123 8 127 12
B 148 71 152 75
B 161 33 165 37
B 248 46 252 50
B 386 33 390 37
B 586 58 590 62
B 623 83 627 87
B 761 83 765 87
B 811 8 815 12
B 848 58 852 62
B 973 46 977 50
B 973 21 977 25
B 986 46 990 50
B 986 8 990 12
B 1023 58 1027 62
B 1036 71 1040 75
B 1036 8 1040 12
B 1048 83 1052 87
B 1048 118 1052 122
B 1036 131 1040 135
B 1023 156 1027 160
B 986 156 990 160
B 848 156 852 160
B 811 156 815 160
B 761 156 765 160
B 623 156 627 160
B 586 156 590 160
B 386 156 390 160
B 248 156 252 160
B 211 156 215 160
B 161 118 165 122
B 148 131 152 135
B 136 156 140 160
B 98 118 102 122
B 86 131 90 135
B 73 156 77 160
B 36 118 40 122
B 23 131 27 135
B 11 156 15 160
B 23 278 27 282
B 61 228 65 232
B 136 228 140 232
B 198 266 202 270
B 211 278 215 282
B 248 278 252 282
B 248 228 252 232
B 261 278 265 282
B 261 266 265 270
B 286 266 290 270
B 586 228 590 232
B 611 253 615 257
B 636 241 640 245
B 648 278 652 282
B 661 278 665 282
B 661 241 665 245
B 686 266 690 270
B 698 266 702 270
B 698 253 702 257
B 748 266 752 270
B 773 266 777 270
B 786 253 790 257
B 811 278 815 282
B 811 228 815 232
B 823 278 827 282
B 823 253 827 257
B 861 278 865 282
B 873 278 877 282
B 873 266 877 270
B 961 278 965 282
B 986 278 990 282
B 1048 278 1052 282
B 1048 351 1052 355
B 1061 351 1065 355
B 973 351 977 355
B 961 376 965 380
B 861 351 865 355
B 848 376 852 380
B 911 338 915 342
B 773 351 777 355
B 786 338 790 342
B 798 338 802 342
B 811 338 815 342
B 736 351 740 355
B 748 351 752 355
B 711 338 715 342
B 698 338 702 342
B 686 351 690 355
B 623 351 627 355
B 648 351 652 355
B 636 351 640 355
B 611 338 615 342
B 423 351 427 355
B 286 351 290 355
B 248 351 252 355
B 198 351 202 355
B 61 351 65 355
B 23 351 27 355
B 23 511 27 515
B 61 498 65 502
B 198 486 202 490
B 248 511 252 515
B 286 511 290 515
B 423 473 427 477
B 423 423 427 427
B 623 461 627 465
B 623 436 627 440
B 636 448 640 452
B 648 473 652 477
B 648 436 652 440
B 686 473 690 477
B 686 436 690 440
B 698 473 702 477
B 711 423 715 427
B 723 511 727 515
B 736 511 740 515
B 736 486 740 490
B 748 473 752 477
B 761 511 765 515
B 761 448 765 452
B 773 486 777 490
B 773 448 777 452
B 773 423 777 427
B 786 511 790 515
B 786 448 790 452
B 798 511 802 515
B 798 473 802 477
B 811 461 815 465
B 836 511 840 515
B 848 461 852 465
B 861 486 865 490
B 873 461 877 465
B 911 511 915 515
B 911 436 915 440
B 923 511 927 515
B 973 486 977 490
B 1011 498 1015 502
B 1023 511 1027 515
B 1036 473 1040 477
B 1036 423 1040 427
B 1061 423 1065 427
B 1036 571 1040 575
B 1023 571 1027 575
B 1011 583 1015 587
B 911 596 915 600
B 973 571 977 575
B 923 583 927 587
B 873 583 877 587
B 836 596 840 600
B 861 596 865 600
B 811 583 815 587
B 773 583 777 587
B 798 596 802 600
B 748 571 752 575
B 736 571 740 575
B 723 583 727 587
B 623 596 627 600
B 686 571 690 575
B 636 583 640 587
B 423 583 427 587
B 286 583 290 587
B 248 583 252 587
B 198 583 202 587
B 61 583 65 587
B 23 583 27 587
B 544 528 548 532
B 529 528 533 532
B 504 638 508 642
B 489 638 493 642
B 544 296 548 300
B 529 296 533 300
B 504 406 508 410
B 489 406 493 410
B 544 101 548 105
B 529 101 533 105
B 504 211 508 215
B 489 211 493 215
L 14
B 9 81 17 89
B 21 69 29 77
B 34 19 42 27
B 34 6 42 14
B 46 56 54 64
B 46 6 54 14
B 71 44 79 52
B 84 69 92 77
B 96 31 104 39
B 96 6 104 14
B 109 69 117 77
B 109 6 117 14
B 121 31 129 39
B 121 6 129 14
B 146 69 154 77
B 159 31 167 39
B 246 44 254 52
B 384 31 392 39
B 584 56 592 64
B 621 81 629 89
B 759 81 767 89
B 809 6 817 14
B 846 56 854 64
B 971 44 979 52
B 971 19 979 27
B 984 44 992 52
B 984 6 992 14
B 1021 56 1029 64
B 1034 69 1042 77
B 1034 6 1042 14
B 1046 81 1054 89
B 1046 116 1054 124
B 1034 129 1042 137
B 1021 154 1029 162
B 984 154 992 162
B 846 154 854 162
B 809 154 817 162
B 759 154 767 162
B 621 154 629 162
B 584 154 592 162
B 384 154 392 162
B 246 154 254 162
B 209 154 217 162
B 159 116 167 124
B 146 129 154 137
B 134 154 142 162
B 96 116 104 124
B 84 129 92 137
B 71 154 79 162
B 34 116 42 124
B 21 129 29 137
B 9 154 17 162
B 21 276 29 284
B 59 226 67 234
B 134 226 142 234
B 196 264 204 272
B 209 276 217 284
B 246 276 254 284
B 246 226 254 234
B 259 276 267 284
B 259 264 267 272
B 284 264 292 272
B 584 226 592 234
B 609 251 617 259
B 634 239 642 247
B 646 276 654 284
B 659 276 667 284
B 659 239 667 247
B 684 264 692 272
B 696 264 704 272
B 696 251 704 259
B 746 264 754 272
B 771 264 779 272
B 784 251 792 259
B 809 276 817 284
B 809 226 817 234
B 821 276 829 284
B 821 251 829 259
B 859 276 867 284
B 871 276 879 284
B 871 264 879 272
B 959 276 967 284
B 984 276 992 284
B 1046 276 1054 284
B 1046 349 1054 357
B 1059 349 1067 357
B 971 349 979 357
B 959 374 967 382
B 859 349 867 357
B 846 374 854 382
B 909 336 917 344
B 771 349 779 357
B 784 336 792 344
B 796 336 804 344
B 809 336 817 344
B 734 349 742 357
B 746 349 754 357
B 709 336 717 344
B 696 336 704 344
B 684 349 692 357
B 621 349 629 357
B 646 349 654 357
B 634 349 642 357
B 609 336 617 344
B 421 349 429 357
B 284 349 292 357
B 246 349 254 357
B 196 349 204 357
B 59 349 67 357
B 21 349 29 357
B 21 509 29 517
B 59 496 67 504
B 196 484 204 492
B 246 509 254 517
B 284 509 292 517
B 421 471 429 479
B 421 421 429 429
B 621 459 629 467
B 621 434 629 442
B 634 446 642 454
B 646 471 654 479
B 646 434 654 442
B 684 471 692 479
B 684 434 692 442
B 696 471 704 479
B 709 421 717 429
B 721 509 729 517
B 734 509 742 517
B 734 484 742 492
B 746 471 754 479
B 759 509 767 517
B 759 446 767 454
B 771 484 779 492
B 771 446 779 454
B 771 421 779 429
B 784 509 792 517
B 784 446 792 454
B 796 509 804 517
B 796 471 804 479
B 809 459 817 467
B 834 509 842 517
B 846 459 854 467
B 859 484 867 492
B 871 459 879 467
B 909 509 917 517
B 909 434 917 442
B 921 509 929 517
B 971 484 979 492
B 1009 496 1017 504
B 1021 509 1029 517
B 1034 471 1042 479
B 1034 421 1042 429
B 1059 421 1067 429
B 1034 569 1042 577
B 1021 569 1029 577
B 1009 581 1017 589
B 909 594 917 602
B 971 569 979 577
B 921 581 929 589
B 871 581 879 589
B 834 594 842 602
B 859 594 867 602
B 809 581 817 589
B 771 581 779 589
B 796 594 804 602
B 746 569 754 577
B 734 569 742 577
B 721 581 729 589
B 621 594 629 602
B 684 569 692 577
B 634 581 642 589
B 421 581 429 589
B 284 581 292 589
B 246 581 254 589
B 196 581 204 589
B 59 581 67 589
B 21 581 29 589
B 542 526 550 534
B 527 526 535 534
B 502 636 510 644
B 487 636 495 644
B 542 294 550 302
B 527 294 535 302
B 502 404 510 412
B 487 404 495 412
B 542 99 550 107
B 527 99 535 107
B 502 209 510 217
B 487 209 495 217
L 60
B 527 -3 551 3
B 487 -3 511 3
B 527 652 551 658
B 487 652 511 658
B 1035 -3 1041 3
B 972 -3 978 3
B 810 -3 816 3
B 97 -3 103 3
B 35 -3 41 3
L 14
B 10 82 16 198
L 60
L 14
B 22 70 28 198
L 60
L 14
B 35 20 41 198
L 60
L 14
B 35 -3 41 13
L 60
L 14
B 47 7 53 63
L 60
L 14
B 72 45 78 198
L 60
L 14
B 85 70 91 198
L 60
L 14
B 97 32 103 198
L 60
L 14
B 97 -3 103 13
L 60
L 14
B 110 7 116 76
L 60
L 14
B 122 7 128 38
L 60
L 14
B 147 70 153 198
L 60
L 14
B 160 32 166 198
L 60
L 14
B 247 45 253 198
L 60
L 14
B 385 32 391 198
L 60
L 14
B 585 57 591 198
L 60
L 14
B 622 82 628 198
L 60
L 14
B 760 82 766 198
L 60
L 14
B 810 -3 816 13
L 60
L 14
B 847 57 853 198
L 60
L 14
B 972 45 978 198
L 60
L 14
B 972 -3 978 26
L 60
L 14
B 985 7 991 51
L 60
L 14
B 1022 57 1028 198
L 60
L 14
B 1035 70 1041 198
L 60
L 14
B 1035 -3 1041 13
L 60
L 14
B 1047 82 1053 198
L 60
L 14
B 22 277 28 393
L 60
L 14
B 60 227 66 393
L 60
L 14
B 135 117 141 233
L 60
L 14
B 197 265 203 393
L 60
L 14
B 210 117 216 283
L 60
L 14
B 247 227 253 393
L 60
L 14
B 260 265 266 283
L 60
L 14
B 285 265 291 393
L 60
L 14
B 585 117 591 233
L 60
L 14
B 610 252 616 393
L 60
L 14
B 635 240 641 393
L 60
L 14
B 647 277 653 393
L 60
L 14
B 660 240 666 283
L 60
L 14
B 685 265 691 393
L 60
L 14
B 697 252 703 271
L 60
L 14
B 747 265 753 393
L 60
L 14
B 772 265 778 393
L 60
L 14
B 785 252 791 393
L 60
L 14
B 810 277 816 393
L 60
L 14
B 810 117 816 233
L 60
L 14
B 822 252 828 283
L 60
L 14
B 860 277 866 393
L 60
L 14
B 872 265 878 283
L 60
L 14
B 960 277 966 393
L 60
L 14
B 972 117 978 393
L 60
L 14
B 985 117 991 283
L 60
L 14
B 1047 277 1053 393
L 60
L 14
B 22 510 28 626
L 60
L 14
B 60 497 66 626
L 60
L 14
B 197 485 203 626
L 60
L 14
B 247 312 253 626
L 60
L 14
B 285 510 291 626
L 60
L 14
B 422 472 428 626
L 60
L 14
B 422 312 428 428
L 60
L 14
B 622 460 628 626
L 60
L 14
B 622 312 628 441
L 60
L 14
B 635 447 641 626
L 60
L 14
B 647 435 653 478
L 60
L 14
B 685 435 691 626
L 60
L 14
B 697 312 703 478
L 60
L 14
B 710 312 716 428
L 60
L 14
B 722 510 728 626
L 60
L 14
B 735 510 741 626
L 60
L 14
B 735 312 741 491
L 60
L 14
B 747 472 753 626
L 60
L 14
B 760 447 766 516
L 60
L 14
B 772 485 778 626
L 60
L 14
B 772 422 778 453
L 60
L 14
B 785 447 791 516
L 60
L 14
B 797 510 803 626
L 60
L 14
B 797 312 803 478
L 60
L 14
B 810 460 816 626
L 60
L 14
B 835 510 841 626
L 60
L 14
B 847 312 853 466
L 60
L 14
B 860 485 866 626
L 60
L 14
B 872 460 878 626
L 60
L 14
B 910 510 916 626
L 60
L 14
B 910 312 916 441
L 60
L 14
B 922 510 928 626
L 60
L 14
B 972 485 978 626
L 60
L 14
B 1010 497 1016 626
L 60
L 14
B 1022 510 1028 626
L 60
L 14
B 1035 422 1041 626
L 60
L 14
B 1060 312 1066 428
L 60
L 14
B 527 -3 551 658
L 60
L 14
B 487 -3 511 658
L 60
L 14
B 527 522 551 538
B 527 522 551 538
B 487 632 511 648
B 487 632 511 648
B 527 290 551 306
B 527 290 551 306
B 487 400 511 416
B 487 400 511 416
B 527 95 551 111
B 527 95 551 111
B 487 205 511 221
B 487 205 511 221
B 487 205 511 221
B 487 205 511 221
B 527 95 551 111
B 527 95 551 111
B 487 400 511 416
B 487 400 511 416
B 527 290 551 306
B 527 290 551 306
B 487 632 511 648
B 487 632 511 648
B 527 522 551 538
B 527 522 551 538
B 487 -3 511 658
B 527 -3 551 658
B 1060 312 1066 428
B 1035 422 1041 626
B 1022 510 1028 626
B 1010 497 1016 626
B 972 485 978 626
B 922 510 928 626
B 910 312 916 441
B 910 510 916 626
B 872 460 878 626
B 860 485 866 626
B 847 312 853 466
B 835 510 841 626
B 810 460 816 626
B 797 312 803 478
B 797 510 803 626
B 785 447 791 516
B 772 422 778 453
B 772 485 778 626
B 760 447 766 516
B 747 472 753 626
B 735 312 741 491
B 735 510 741 626
B 722 510 728 626
B 710 312 716 428
B 697 312 703 478
B 685 435 691 626
B 647 435 653 478
B 635 447 641 626
B 622 312 628 441
B 622 460 628 626
B 422 312 428 428
B 422 472 428 626
B 285 510 291 626
B 247 312 253 626
B 197 485 203 626
B 60 497 66 626
B 22 510 28 626
B 1047 277 1053 393
B 985 117 991 283
B 972 117 978 393
B 960 277 966 393
B 872 265 878 283
B 860 277 866 393
B 822 252 828 283
B 810 117 816 233
B 810 277 816 393
B 785 252 791 393
B 772 265 778 393
B 747 265 753 393
B 697 252 703 271
B 685 265 691 393
B 660 240 666 283
B 647 277 653 393
B 635 240 641 393
B 610 252 616 393
B 585 117 591 233
B 285 265 291 393
B 260 265 266 283
B 247 227 253 393
B 210 117 216 283
B 197 265 203 393
B 135 117 141 233
B 60 227 66 393
B 22 277 28 393
B 1047 82 1053 198
B 1035 -3 1041 13
B 1035 70 1041 198
B 1022 57 1028 198
B 985 7 991 51
B 972 -3 978 26
B 972 45 978 198
B 847 57 853 198
B 810 -3 816 13
B 760 82 766 198
B 622 82 628 198
B 585 57 591 198
B 385 32 391 198
B 247 45 253 198
B 160 32 166 198
B 147 70 153 198
B 122 7 128 38
B 110 7 116 76
B 97 -3 103 13
B 97 32 103 198
B 85 70 91 198
B 72 45 78 198
B 47 7 53 63
B 35 -3 41 13
B 35 20 41 198
B 22 70 28 198
B 10 82 16 198
C 0 95 1 1 0 an12_x1
C 63 95 1 1 0 an12_x1
C 125 95 1 1 0 an12_x1
C 188 95 1 1 0 sff1_x4
C 413 95 1 1 0 tie_x0
C 438 95 1 1 0 tie_x0
C 463 95 1 1 0 rowend_x0
C 563 95 1 1 0 sff1_x4
C 788 95 1 1 0 sff1_x4
C 1013 95 1 1 0 an12_x1
C 0 290 1 1 0 sff1_x4
C 225 290 1 1 0 sff1_x4
C 450 290 1 1 0 tie_x0
C 563 290 1 1 0 rowend_x0
C 575 290 1 1 0 tie_x0
C 600 290 1 1 0 noa22_x1
C 675 290 1 1 0 no2_x1
C 725 290 1 1 0 inv_x2
C 763 290 1 1 0 no3_x1
C 825 290 1 1 0 xr2_x1
C 938 290 1 1 0 buf_x8
C 1038 290 1 1 0 inv_x2
C 0 523 1 1 0 sff1_x4
C 225 523 1 1 0 sff1_x4
C 450 523 1 1 0 tie_x0
C 563 523 1 1 0 rowend_x0
C 575 523 1 1 0 tie_x0
C 600 523 1 1 0 nxr2_x1
C 713 523 1 1 0 no2_x1
C 763 523 1 1 0 a2_x2
C 825 523 1 1 0 o2_x2
C 888 523 1 1 0 nxr2_x1
C 1000 523 1 1 0 no2_x1
C 1050 523 1 1 0 tie_x0
C 550 523 1 1 0 rowend_x0
C 525 523 1 1 0 tie_x0
C 500 523 1 1 0 tie_x0
C 475 523 1 1 0 tie_x0
C 550 290 1 1 0 rowend_x0
C 525 290 1 1 0 tie_x0
C 500 290 1 1 0 tie_x0
C 475 290 1 1 0 tie_x0
C 550 95 1 1 0 rowend_x0
C 525 95 1 1 0 tie_x0
C 500 95 1 1 0 tie_x0
C 475 95 1 1 0 tie_x0
