; structure creation     : 64639/48707/37019 (0:116:5)
; structure modification : 64639/48707/37019 (0:116:5)
; structure name : a2_x2
L 1
B 26 59 60 125
B -2 71 60 118
B 0 62 60 125
L 2
B 12 -1 31 49
B -2 11 31 49
B 12 -1 60 37
B -2 11 60 37
L 8
B 16 4 27 44
B 2 16 27 44
B 2 16 56 32
B 16 4 56 32
L 9
B 2 76 13 113
B 2 76 56 104
B 30 64 56 116
L 4
B 4 78 11 111
B 18 6 25 42
B 4 18 25 42
B 4 18 54 30
B 18 6 54 30
B 32 66 54 114
B 4 78 54 102
L 7
B 13 14 15 52
B 8 44 16 52
B 8 68 16 76
B 13 68 15 106
B 28 2 30 39
B 20 44 28 52
B 28 57 30 106
B 32 32 40 40
B 28 33 40 39
B 20 47 44 49
B 32 56 40 64
B 28 57 40 63
B 42 2 44 118
L 6
B 5 76 24 104
B 19 76 39 104
B 33 64 53 116
B 33 64 53 116
B 19 76 39 104
B 5 76 24 104
L 5
B 19 4 39 32
B 33 4 53 32
B 5 16 24 44
B 5 16 24 44
B 33 4 53 32
B 19 4 39 32
L 3
B 15 75 28 105
B 4 75 25 105
B 1 75 14 114
B 18 75 40 105
B 18 3 40 33
B 29 3 43 33
B 44 3 57 33
B 32 3 54 33
B 44 63 57 117
B 29 63 43 117
B 32 63 54 117
B 4 15 25 45
B 1 15 14 45
B 15 3 28 45
B 15 3 28 45
B 1 15 14 45
B 4 15 25 45
B 32 63 54 117
B 29 63 43 117
B 44 63 57 117
B 32 3 54 33
B 44 3 57 33
B 29 3 43 33
B 18 3 40 33
B 18 75 40 105
B 1 75 14 114
B 4 75 25 105
B 15 75 28 105
L 10
B 6 95 8 97
B 35 11 37 13
B 6 23 8 25
B 49 23 51 25
B 49 71 51 73
B 49 83 51 85
B 49 95 51 97
B 35 107 37 109
B 21 95 23 97
B 6 107 8 109
L 12
B 4 93 10 99
B 9 69 15 75
B 33 9 39 15
B 4 21 10 27
B 47 21 53 27
B 47 69 53 75
B 47 81 53 87
B 47 93 53 99
B 33 105 39 111
B 19 93 25 99
B 4 105 10 111
B 21 45 27 51
B 9 45 15 51
B 33 33 39 39
B 33 57 39 63
B 33 21 39 99
B 21 21 27 99
B 4 21 25 27
B 45 21 51 99
B 4 93 10 111
B 9 33 15 87
B -3 -1 63 15
T 14 3 10 1638144 vss
B -3 105 63 121
T 14 109 10 1638144 vdd
L 255
B -3 -1 63 15
T 14 3 10 1638144 vss
B -3 105 63 121
T 14 109 10 1638144 vdd
B 45 21 51 99
T 47 41 10 1638144 q
B 9 33 15 87
T 11 47 10 1638144 i0
B 33 21 39 99
T 35 41 10 1638144 i1
L 12
B 33 21 39 99
B 9 33 15 87
B 45 21 51 99
B -3 105 63 121
B -3 -1 63 15
B -3 105 63 121
B -3 -1 63 15
B 9 33 15 87
B 4 93 10 111
B 45 21 51 99
B 4 21 25 27
B 21 21 27 99
B 33 21 39 99
L 11
B 11 71 13 73
B 23 47 25 49
B 11 47 13 49
B 35 35 37 37
B 35 59 37 61
L 24
B 47 47 49 49
T 48 48 10 1638144 q_20
B 47 35 49 37
T 48 36 10 1638144 q_15
B 47 23 49 25
T 48 24 10 1638144 q_10
B 47 95 49 97
T 48 96 10 1638144 q_40
B 47 83 49 85
T 48 84 10 1638144 q_35
B 47 71 49 73
T 48 72 10 1638144 q_30
B 47 59 49 61
T 48 60 10 1638144 q_25
B 11 83 13 85
T 12 84 10 1638144 i0_35
B 11 71 13 73
T 12 72 10 1638144 i0_30
B 11 59 13 61
T 12 60 10 1638144 i0_25
B 11 47 13 49
T 12 48 10 1638144 i0_20
B 11 35 13 37
T 12 36 10 1638144 i0_15
B 35 23 37 25
T 36 24 10 1638144 i1_10
B 35 35 37 37
T 36 36 10 1638144 i1_15
B 35 47 37 49
T 36 48 10 1638144 i1_20
B 35 59 37 61
T 36 60 10 1638144 i1_25
B 35 71 37 73
T 36 72 10 1638144 i1_30
B 35 83 37 85
T 36 84 10 1638144 i1_35
B 35 95 37 97
T 36 96 10 1638144 i1_40
l 5
B 16 4 27 44
B 2 16 27 44
B 2 16 56 32
B 16 4 56 32
l 6
B 2 76 13 113
B 2 76 56 104
B 30 64 56 116
