; structure creation     : 64895/55998/236 (0:116:6)
; structure modification : 64895/55998/236 (0:116:6)
; structure name : buf_x2
L 1
B -3 60 51 127
L 2
B -3 -3 51 51
L 8
B 2 67 12 77
B 2 96 12 118
B 2 97 13 116
B 17 103 27 113
B 4 19 42 32
B 16 4 39 34
B 16 4 42 32
B 19 2 39 34
B 4 19 39 34
B 2 21 42 32
B 4 19 42 32
B 16 4 39 34
B 31 67 41 77
B 31 79 41 89
B 31 91 41 101
L 9
B 2 64 44 82
B 16 64 44 116
L 4
B 4 99 11 114
B 4 98 10 116
B 18 6 40 30
B 4 23 40 30
B 4 66 42 80
B 18 66 42 114
L 7
B 3 44 11 52
B 13 19 15 39
B 13 57 15 84
B 15 32 23 40
B 13 32 23 39
B 15 56 23 64
B 3 46 30 50
B 13 57 23 64
B 28 2 30 118
L 6
B 17 103 27 113
B 2 67 12 77
B 31 67 41 77
B 31 79 41 89
B 31 91 41 101
B 33 64 44 116
B 2 64 13 82
B 4 64 25 82
B 19 64 39 116
B 16 64 27 116
B 16 64 27 116
B 19 64 39 116
B 4 64 25 82
B 2 64 13 82
B 33 64 44 116
L 5
B 2 21 12 31
B 31 19 41 29
B 17 7 27 17
B 2 21 13 32
B 4 19 25 34
B 30 4 42 32
B 16 4 27 32
B 19 2 39 34
B 19 2 39 34
B 16 4 27 32
B 30 4 42 32
B 4 19 25 34
B 2 21 13 32
L 3
B -1 -1 49 49
B -1 62 49 125
L 10
B 6 25 8 27
B 35 23 37 25
B 21 11 23 13
B 21 107 23 109
B 6 71 8 73
B 6 112 8 114
B 6 100 8 102
B 35 71 37 73
B 35 83 37 85
B 35 95 37 97
L 12
B 4 23 10 29
B 33 21 39 27
B 19 9 25 15
B 19 105 25 111
B 4 69 10 75
B 4 110 10 116
B 4 98 10 104
B 16 57 22 63
B 4 45 10 51
B 16 33 22 39
B 33 69 39 75
B 33 81 39 87
B 33 93 39 99
B 4 23 10 75
B -3 -1 51 15
T 11 3 10 1638144 vss
B -3 105 51 121
T 11 109 10 1638144 vdd
B 33 21 39 99
B 16 57 27 63
B 4 98 10 116
B 16 33 27 39
B 21 21 27 99
B 21 21 27 99
T 23 41 10 1638144 i
B 33 21 39 99
T 35 41 10 1638144 q
B 33 21 39 99
B 21 21 27 99
B 21 21 27 99
B 16 33 27 39
B 4 98 10 116
B 16 57 27 63
B 33 21 39 99
B -3 105 51 121
B -3 -1 51 15
B 4 23 10 75
L 11
B 18 59 20 61
B 6 47 8 49
B 18 35 20 37
L 31
B 23 47 25 49
T 24 48 10 1638144 i_20
B 23 59 25 61
T 24 60 10 1638144 i_25
B 23 71 25 73
T 24 72 10 1638144 i_30
B 23 83 25 85
T 24 84 10 1638144 i_35
B 23 95 25 97
T 24 96 10 1638144 i_40
B 35 47 37 49
T 36 48 10 1638144 q_20
B 35 71 37 73
T 36 72 10 1638144 q_30
B 35 83 37 85
T 36 84 10 1638144 q_35
B 35 95 37 97
T 36 96 10 1638144 q_40
B 35 35 37 37
T 36 36 10 1638144 q_15
B 35 59 37 61
T 36 60 10 1638144 q_25
B 35 23 37 25
T 36 24 10 1638144 q_10
B 23 35 25 37
T 24 36 10 1638144 i_15
B 23 23 25 25
T 24 24 10 1638144 i_10
l 5
B 4 19 42 32
B 16 4 39 34
B 16 4 42 32
B 19 2 39 34
B 4 19 39 34
B 2 21 42 32
B 4 19 42 32
B 16 4 39 34
l 6
B 2 64 44 82
B 16 64 44 116
