; structure creation     : 4/6/24 (11:7:32)
; structure modification : 4/7/16 (5:18:43)
; structure name : DFF_V2XGEX
L 1
B -8 70 156 120
B -8 70 156 120
L 2
B -8 1 156 43
B -8 1 156 43
L 3
B -6 72 154 118
B -6 3 154 41
B -6 3 154 41
B -6 72 154 118
L 4
B 80 76 146 94
B 2 76 76 94
B 80 27 146 33
B 2 27 76 33
B 2 109 146 115
B 2 6 146 12
B 2 6 146 12
B 2 109 146 115
B 2 27 76 33
B 80 27 146 33
B 2 76 76 94
B 80 76 146 94
L 7
B 1 17 7 23
B 27 66 33 72
B 32 60 34 105
B 32 105 116 107
B 21 37 22 43
B 15 37 21 43
B 30 19 32 36
B 116 73 118 107
B 46 19 48 49
B 55 60 57 66
B 57 60 63 66
B 46 73 48 102
B 2 19 30 21
B 30 14 32 19
B 100 49 116 60
B 114 25 116 49
B 100 60 102 72
B 32 49 48 60
B 94 72 96 96
B 126 48 132 54
B 82 48 88 54
B 94 66 100 72
B 60 48 66 54
B 12 66 18 72
B 130 37 136 43
B 94 37 100 43
B 94 25 96 37
B 88 24 90 97
B 54 24 56 97
B 66 24 68 97
B 136 24 138 97
B 124 24 126 97
B 48 100 94 102
B 94 96 96 102
B 22 24 24 97
B 10 24 12 97
B 32 14 114 16
B 114 14 116 25
B 48 19 94 21
B 94 19 96 25
B 94 19 96 25
B 48 19 94 21
B 114 14 116 25
B 32 14 114 16
B 10 24 12 97
B 22 24 24 97
B 94 96 96 102
B 48 100 94 102
B 124 24 126 97
B 136 24 138 97
B 66 24 68 97
B 54 24 56 97
B 88 24 90 97
B 94 25 96 37
B 94 37 100 43
B 130 37 136 43
B 12 66 18 72
B 60 48 66 54
B 94 66 100 72
B 82 48 88 54
B 126 48 132 54
B 94 72 96 96
B 32 49 48 60
B 100 60 102 72
B 114 25 116 49
B 100 49 116 60
B 30 14 32 19
B 2 19 30 21
B 46 73 48 102
B 57 60 63 66
B 55 60 57 66
B 46 19 48 49
B 116 73 118 107
B 30 19 32 36
B 15 37 21 43
B 21 37 22 43
B 32 105 116 107
B 32 60 34 105
B 27 66 33 72
B 1 17 7 23
L 8
B 0 25 148 35
B 0 106 148 117
B 0 106 148 117
B 0 25 148 35
L 9
B 0 74 148 96
B 0 4 148 15
B 0 4 148 15
B 0 74 148 96
L 10
B 140 8 142 10
B 136 8 138 10
B 132 8 134 10
B 128 8 130 10
B 142 90 144 92
B 130 90 132 92
B 142 86 144 88
B 130 86 132 88
B 142 82 144 84
B 130 82 132 84
B 142 78 144 80
B 130 78 132 80
B 130 29 132 31
B 142 29 144 31
B 128 111 130 113
B 132 111 134 113
B 136 111 138 113
B 140 111 142 113
B 40 8 42 10
B 36 8 38 10
B 32 8 34 10
B 28 8 30 10
B 24 8 26 10
B 20 8 22 10
B 16 8 18 10
B 12 8 14 10
B 8 8 10 10
B 4 8 6 10
B 4 111 6 113
B 8 111 10 113
B 12 111 14 113
B 16 111 18 113
B 20 111 22 113
B 24 111 26 113
B 28 111 30 113
B 32 111 34 113
B 36 111 38 113
B 40 111 42 113
B 44 111 46 113
B 48 111 50 113
B 52 111 54 113
B 56 111 58 113
B 60 111 62 113
B 64 111 66 113
B 68 111 70 113
B 72 111 74 113
B 76 111 78 113
B 80 111 82 113
B 84 111 86 113
B 39 29 41 31
B 39 90 41 92
B 39 86 41 88
B 39 82 41 84
B 39 78 41 80
B 60 90 62 92
B 16 90 18 92
B 4 90 6 92
B 60 86 62 88
B 16 86 18 88
B 4 86 6 88
B 60 82 62 84
B 16 82 18 84
B 4 82 6 84
B 106 90 108 92
B 82 90 84 92
B 106 86 108 88
B 82 86 84 88
B 106 82 108 84
B 82 82 84 84
B 72 90 74 92
B 72 86 74 88
B 72 82 74 84
B 106 78 108 80
B 82 78 84 80
B 72 78 74 80
B 60 78 62 80
B 16 78 18 80
B 4 78 6 80
B 16 29 18 31
B 4 29 6 31
B 60 29 62 31
B 72 29 74 31
B 82 29 84 31
B 106 29 108 31
B 88 111 90 113
B 92 111 94 113
B 96 111 98 113
B 100 111 102 113
B 104 111 106 113
B 108 111 110 113
B 112 111 114 113
B 116 111 118 113
B 120 111 122 113
B 124 111 126 113
B 44 8 46 10
B 48 8 50 10
B 52 8 54 10
B 56 8 58 10
B 60 8 62 10
B 64 8 66 10
B 68 8 70 10
B 124 8 126 10
B 120 8 122 10
B 116 8 118 10
B 112 8 114 10
B 108 8 110 10
B 104 8 106 10
B 100 8 102 10
B 96 8 98 10
B 92 8 94 10
B 88 8 90 10
B 84 8 86 10
B 80 8 82 10
B 76 8 78 10
B 72 8 74 10
B 72 8 74 10
B 76 8 78 10
B 80 8 82 10
B 84 8 86 10
B 88 8 90 10
B 92 8 94 10
B 96 8 98 10
B 100 8 102 10
B 104 8 106 10
B 108 8 110 10
B 112 8 114 10
B 116 8 118 10
B 120 8 122 10
B 124 8 126 10
B 68 8 70 10
B 64 8 66 10
B 60 8 62 10
B 56 8 58 10
B 52 8 54 10
B 48 8 50 10
B 44 8 46 10
B 124 111 126 113
B 120 111 122 113
B 116 111 118 113
B 112 111 114 113
B 108 111 110 113
B 104 111 106 113
B 100 111 102 113
B 96 111 98 113
B 92 111 94 113
B 88 111 90 113
B 106 29 108 31
B 82 29 84 31
B 72 29 74 31
B 60 29 62 31
B 4 29 6 31
B 16 29 18 31
B 4 78 6 80
B 16 78 18 80
B 60 78 62 80
B 72 78 74 80
B 82 78 84 80
B 106 78 108 80
B 72 82 74 84
B 72 86 74 88
B 72 90 74 92
B 82 82 84 84
B 106 82 108 84
B 82 86 84 88
B 106 86 108 88
B 82 90 84 92
B 106 90 108 92
B 4 82 6 84
B 16 82 18 84
B 60 82 62 84
B 4 86 6 88
B 16 86 18 88
B 60 86 62 88
B 4 90 6 92
B 16 90 18 92
B 60 90 62 92
B 39 78 41 80
B 39 82 41 84
B 39 86 41 88
B 39 90 41 92
B 39 29 41 31
B 84 111 86 113
B 80 111 82 113
B 76 111 78 113
B 72 111 74 113
B 68 111 70 113
B 64 111 66 113
B 60 111 62 113
B 56 111 58 113
B 52 111 54 113
B 48 111 50 113
B 44 111 46 113
B 40 111 42 113
B 36 111 38 113
B 32 111 34 113
B 28 111 30 113
B 24 111 26 113
B 20 111 22 113
B 16 111 18 113
B 12 111 14 113
B 8 111 10 113
B 4 111 6 113
B 4 8 6 10
B 8 8 10 10
B 12 8 14 10
B 16 8 18 10
B 20 8 22 10
B 24 8 26 10
B 28 8 30 10
B 32 8 34 10
B 36 8 38 10
B 40 8 42 10
B 140 111 142 113
B 136 111 138 113
B 132 111 134 113
B 128 111 130 113
B 142 29 144 31
B 130 29 132 31
B 130 78 132 80
B 142 78 144 80
B 130 82 132 84
B 142 82 144 84
B 130 86 132 88
B 142 86 144 88
B 130 90 132 92
B 142 90 144 92
B 128 8 130 10
B 132 8 134 10
B 136 8 138 10
B 140 8 142 10
L 11
B 3 19 5 21
B 29 68 31 70
B 17 39 19 41
B 59 62 61 64
B 128 50 130 52
B 84 50 86 52
B 96 68 98 70
B 62 50 64 52
B 14 68 16 70
B 132 39 134 41
B 96 39 98 41
B 96 39 98 41
B 132 39 134 41
B 14 68 16 70
B 62 50 64 52
B 96 68 98 70
B 84 50 86 52
B 128 50 130 52
B 59 62 61 64
B 17 39 19 41
B 29 68 31 70
B 3 19 5 21
L 12
B 2 17 8 27
B 1 17 7 23
B 18 66 27 72
B 27 66 33 72
B 37 27 43 94
B 15 48 32 54
B 15 43 21 48
B 15 37 21 43
B 63 60 70 66
B 57 60 63 66
B 2 33 8 94
B 140 27 146 94
B 104 27 110 94
B 70 27 76 94
B 104 62 112 70
B 24 54 32 62
B 132 48 140 54
B 126 48 132 54
B 76 48 82 54
B 82 48 88 54
B 42 48 60 54
B 94 66 100 72
B 60 48 66 54
B 12 66 18 72
B 12 58 20 66
B 14 76 20 82
B 138 62 146 70
B 110 37 130 43
B 130 37 136 43
B 94 37 100 43
B 2 27 8 33
B 0 109 148 121
B 128 76 134 115
B 80 76 86 115
B 58 76 64 115
B 14 76 20 115
B 0 0 148 12
B 128 6 134 33
B 80 6 86 33
B 58 6 64 33
B 14 12 20 33
B 14 12 20 33
B 58 6 64 33
B 80 6 86 33
B 128 6 134 33
B 0 0 148 12
B 14 76 20 115
B 58 76 64 115
B 80 76 86 115
B 128 76 134 115
B 0 109 148 121
B 2 27 8 33
B 94 37 100 43
B 130 37 136 43
B 110 37 130 43
B 138 62 146 70
B 14 76 20 82
B 12 58 20 66
B 12 66 18 72
B 60 48 66 54
B 94 66 100 72
B 42 48 60 54
B 82 48 88 54
B 76 48 82 54
B 126 48 132 54
B 132 48 140 54
B 24 54 32 62
B 104 62 112 70
B 70 27 76 94
B 104 27 110 94
B 140 27 146 94
B 2 33 8 94
B 57 60 63 66
B 63 60 70 66
B 15 37 21 43
B 15 43 21 48
B 15 48 32 54
B 37 27 43 94
B 27 66 33 72
B 18 66 27 72
B 1 17 7 23
B 2 17 8 27
L 13
B 106 64 110 68
B 26 56 30 60
B 14 60 18 64
B 140 64 144 68
B 140 64 144 68
B 14 60 18 64
B 26 56 30 60
B 106 64 110 68
L 14
B 104 62 112 70
B 24 54 32 62
B 12 58 20 66
B 138 62 146 70
B 138 62 146 70
B 12 58 20 66
B 24 54 32 62
B 104 62 112 70
l 5
B 0 25 148 35
B 0 25 148 35
l 6
B 0 74 148 96
B 0 74 148 96
