h 0 0 150 144
l 1
b 0 78 150 56
l 2
b 0 0 150 50
l 3
b 8 80 136 52
b 4 2 144 46
l 4
b 8 6 136 6
b 12 122 128 6
b 84 84 54 18
b 14 84 66 18
b 84 32 54 6
b 14 32 66 6
l 7
b 28 58 6 6
b 2 106 6 6
b 8 110 14 2
b 22 106 2 6
b 24 110 16 2
b 116 28 2 78
b 128 28 2 78
b 92 28 2 78
b 58 28 2 78
b 70 28 2 78
b 22 28 2 78
b 34 28 2 78
b 40 116 72 2
b 110 80 2 24
b 110 104 2 14
b 98 80 2 24
b 54 110 44 2
b 98 104 2 8
b 52 94 2 18
b 40 94 2 22
b 52 80 2 14
b 40 56 2 38
b 98 30 2 12
b 40 30 2 12
b 110 16 2 14
b 110 30 2 26
b 42 16 70 2
b 54 22 44 2
b 98 22 2 8
b 52 22 2 8
b 52 30 2 15
b 40 16 2 6
b 20 22 20 2
b 40 22 2 8
b 14 18 6 6
b 100 56 12 11
b 98 56 2 24
b 60 67 4 6
b 86 55 6 6
b 64 55 6 6
b 42 56 12 11
b 52 45 2 11
b 122 56 6 6
b 118 69 6 6
l 8
b 10 120 132 10
b 12 30 128 10
l 9
b 6 4 140 10
b 12 82 128 22
l 10
b 106 8 2 2
b 102 8 2 2
b 98 8 2 2
b 94 8 2 2
b 90 8 2 2
b 86 8 2 2
b 82 8 2 2
b 78 8 2 2
b 74 8 2 2
b 70 8 2 2
b 66 8 2 2
b 62 8 2 2
b 58 8 2 2
b 54 8 2 2
b 50 8 2 2
b 46 8 2 2
b 42 8 2 2
b 38 8 2 2
b 34 8 2 2
b 30 8 2 2
b 26 8 2 2
b 22 8 2 2
b 18 8 2 2
b 14 8 2 2
b 10 8 2 2
b 104 34 2 2
b 76 34 2 2
b 86 34 2 2
b 64 34 2 2
b 16 34 2 2
b 28 34 2 2
b 46 34 2 2
b 46 88 2 2
b 46 92 2 2
b 46 96 2 2
b 28 88 2 2
b 16 88 2 2
b 16 92 2 2
b 28 92 2 2
b 16 96 2 2
b 28 96 2 2
b 64 88 2 2
b 64 92 2 2
b 64 96 2 2
b 86 92 2 2
b 76 96 2 2
b 76 92 2 2
b 86 88 2 2
b 76 88 2 2
b 86 96 2 2
b 104 92 2 2
b 104 88 2 2
b 104 96 2 2
b 34 124 2 2
b 30 124 2 2
b 26 124 2 2
b 22 124 2 2
b 18 124 2 2
b 14 124 2 2
b 38 124 2 2
b 42 124 2 2
b 46 124 2 2
b 70 124 2 2
b 66 124 2 2
b 62 124 2 2
b 58 124 2 2
b 54 124 2 2
b 50 124 2 2
b 74 124 2 2
b 78 124 2 2
b 82 124 2 2
b 102 124 2 2
b 98 124 2 2
b 94 124 2 2
b 90 124 2 2
b 86 124 2 2
b 106 124 2 2
b 138 8 2 2
b 134 8 2 2
b 130 8 2 2
b 126 8 2 2
b 122 8 2 2
b 118 8 2 2
b 114 8 2 2
b 110 8 2 2
b 134 124 2 2
b 130 124 2 2
b 126 124 2 2
b 134 34 2 2
b 122 34 2 2
b 134 96 2 2
b 122 96 2 2
b 134 92 2 2
b 122 92 2 2
b 122 88 2 2
b 134 88 2 2
b 110 124 2 2
b 114 124 2 2
b 118 124 2 2
b 122 124 2 2
l 11
b 4 108 2 2
b 16 20 2 2
b 60 69 2 2
b 88 57 2 2
b 66 57 2 2
b 124 58 2 2
b 120 71 2 2
b 30 60 2 2
l 12
b 130 67 8 8
b 140 128 10 6
b 0 128 12 6
b 12 122 128 12
b 28 58 6 12
b 0 116 2 8
b 2 106 6 18
b 132 32 6 70
b 102 32 6 70
b 74 32 6 70
b 44 32 6 70
b 14 38 6 64
b 120 84 6 44
b 84 84 6 44
b 62 84 6 44
b 26 84 6 44
b 26 84 6 8
b 120 6 6 32
b 84 6 6 32
b 62 6 6 32
b 26 12 6 26
b 14 18 6 20
b 58 67 16 6
b 80 55 6 6
b 86 55 6 6
b 50 55 14 6
b 64 55 6 6
b 122 56 6 6
b 108 56 14 6
b 118 69 6 6
b 124 69 6 6
b 0 0 150 12
b 26 68 8 8
l 13
b 132 69 4 4
b 2 118 4 4
b 28 70 4 4
l 14
b 130 67 8 8
b 0 116 8 28
b 26 68 8 8
l 5
B 12 30 140 40
l 6
B 12 82 140 104
