; structure creation     : 65407/43460/57358 (0:116:6)
; structure modification : 65407/43460/57358 (0:116:6)
; structure name : sff1_x4
L 1
B -3 60 219 127
L 2
B -3 -3 219 51
L 8
B 4 14 39 34
B 16 7 27 34
B 2 16 42 32
B 59 7 70 34
B 102 4 111 34
B 47 14 114 32
B 105 2 111 34
B 102 4 114 32
B 105 2 114 32
B 47 14 111 34
B 42 16 114 32
B 105 4 142 22
B 105 4 142 22
B 102 4 142 22
B 105 2 140 22
B 131 4 142 32
B 134 2 140 34
B 134 4 142 34
B 131 2 140 32
B 42 16 214 22
B 47 14 214 22
B 174 4 212 34
B 131 14 214 32
B 134 14 212 34
B 177 2 212 34
B 174 4 214 32
L 9
B 2 76 42 104
B 16 76 27 113
B 33 2 54 13
B 31 2 55 12
B 74 76 85 116
B 42 88 85 116
B 76 2 97 13
B 74 2 99 12
B 102 76 114 116
B 74 76 114 104
B 148 2 169 13
B 146 2 171 12
B 102 88 214 116
B 42 88 214 104
B 174 64 214 116
L 4
B 18 9 25 30
B 18 78 25 111
B 35 4 52 11
B 33 4 53 10
B 61 9 68 30
B 4 18 40 30
B 4 78 40 102
B 78 4 95 11
B 76 4 97 10
B 76 78 83 114
B 76 78 83 114
B 44 90 83 114
B 104 6 140 18
B 133 6 140 30
B 104 6 112 30
B 44 18 112 30
B 104 78 112 114
B 76 78 112 102
B 150 4 167 11
B 148 4 169 10
B 176 6 212 30
B 133 18 212 30
B 104 90 212 114
B 44 90 212 102
B 176 66 212 114
L 7
B 13 32 23 39
B 13 14 15 39
B 15 32 23 40
B 32 44 40 52
B 3 56 11 64
B 15 68 23 76
B 13 69 23 75
B 28 14 30 106
B 13 69 15 106
B 57 14 59 40
B 71 14 73 40
B 56 32 64 40
B 68 32 76 40
B 68 68 76 76
B 44 68 52 76
B 44 71 76 73
B 56 80 64 88
B 71 68 73 118
B 57 80 59 118
B 85 14 87 40
B 114 2 116 27
B 80 32 88 40
B 92 44 102 51
B 92 44 100 52
B 100 14 102 51
B 80 56 88 64
B 80 68 88 76
B 85 68 87 106
B 114 81 116 118
B 100 59 102 106
B 129 2 131 39
B 114 20 124 27
B 116 20 124 28
B 121 32 129 40
B 121 32 131 39
B 143 44 153 51
B 145 44 153 52
B 157 14 159 61
B 143 14 145 51
B 32 47 153 49
B 3 59 159 61
B 150 81 159 88
B 121 69 131 76
B 121 68 129 76
B 116 80 124 88
B 114 81 124 88
B 150 80 157 88
B 129 69 131 118
B 143 59 145 118
B 157 81 159 118
B 172 32 181 39
B 172 14 174 39
B 174 32 181 40
B 174 44 181 52
B 174 45 203 51
B 172 57 181 63
B 174 56 181 64
B 172 57 174 118
B 186 2 188 118
B 201 2 203 118
L 6
B 89 79 99 89
B 189 79 199 89
B 189 91 199 101
B 17 103 27 113
B 2 79 12 89
B 60 103 70 113
B 204 79 214 89
B 204 91 214 101
B 175 103 185 113
B 204 103 214 113
B 175 91 185 101
B 175 79 185 89
B 175 67 185 77
B 189 67 199 77
B 204 67 214 77
B 132 91 142 101
B 117 103 127 113
B 146 91 156 101
B 31 79 41 89
B 2 91 12 101
B 43 91 53 101
B 146 88 157 116
B 163 88 183 116
B 148 88 169 116
B 134 88 154 116
B 91 76 111 104
B 105 88 125 116
B 76 76 97 104
B 74 76 85 116
B 102 76 114 116
B 88 76 99 104
B 30 76 42 104
B 16 76 27 113
B 2 76 13 104
B 4 76 25 104
B 19 76 39 104
B 59 88 70 116
B 47 88 68 116
B 160 88 171 116
B 62 88 82 116
B 174 64 186 116
B 177 64 197 116
B 203 64 214 116
B 191 64 212 116
B 189 64 200 116
B 119 88 140 116
B 114 88 126 116
B 129 88 140 116
B 42 88 54 116
B 42 88 54 116
B 129 88 140 116
B 114 88 126 116
B 119 88 140 116
B 189 64 200 116
B 191 64 212 116
B 203 64 214 116
B 177 64 197 116
B 174 64 186 116
B 62 88 82 116
B 160 88 171 116
B 47 88 68 116
B 59 88 70 116
B 19 76 39 104
B 4 76 25 104
B 2 76 13 104
B 16 76 27 113
B 30 76 42 104
B 88 76 99 104
B 102 76 114 116
B 74 76 85 116
B 76 76 97 104
B 105 88 125 116
B 91 76 111 104
B 134 88 154 116
B 148 88 169 116
B 163 88 183 116
B 146 88 157 116
L 5
B 31 19 41 29
B 2 19 12 29
B 17 7 27 17
B 60 7 70 17
B 189 19 199 29
B 175 19 185 29
B 204 19 214 29
B 175 7 185 17
B 204 7 214 17
B 132 19 142 29
B 89 19 99 29
B 117 7 127 17
B 146 19 156 29
B 43 19 53 29
B 146 16 157 32
B 148 14 169 34
B 163 14 183 34
B 134 14 154 34
B 105 2 125 22
B 91 14 111 34
B 76 14 97 34
B 74 16 85 32
B 16 7 27 32
B 19 14 39 34
B 30 16 42 32
B 4 14 25 34
B 2 16 13 32
B 59 7 70 32
B 62 14 82 34
B 47 14 68 34
B 102 4 114 32
B 88 16 99 32
B 177 2 197 34
B 160 16 171 32
B 203 4 214 32
B 191 2 212 34
B 189 4 200 32
B 174 4 186 32
B 131 4 142 32
B 117 4 128 20
B 131 4 142 20
B 119 2 140 22
B 42 16 54 32
B 42 16 54 32
B 119 2 140 22
B 131 4 142 20
B 117 4 128 20
B 131 4 142 32
B 174 4 186 32
B 189 4 200 32
B 191 2 212 34
B 203 4 214 32
B 160 16 171 32
B 177 2 197 34
B 88 16 99 32
B 102 4 114 32
B 47 14 68 34
B 62 14 82 34
B 59 7 70 32
B 2 16 13 32
B 4 14 25 34
B 30 16 42 32
B 19 14 39 34
B 16 7 27 32
B 74 16 85 32
B 76 14 97 34
B 91 14 111 34
B 105 2 125 22
B 134 14 154 34
B 163 14 183 34
B 148 14 169 34
B 146 16 157 32
L 3
B -1 -1 217 49
B -1 62 217 125
L 10
B 93 83 95 85
B 165 6 167 8
B 150 6 152 8
B 193 83 195 85
B 193 95 195 97
B 35 23 37 25
B 6 23 8 25
B 93 6 95 8
B 78 6 80 8
B 49 6 51 8
B 35 6 37 8
B 21 107 23 109
B 6 83 8 85
B 21 11 23 13
B 64 11 66 13
B 193 23 195 25
B 179 23 181 25
B 208 23 210 25
B 179 11 181 13
B 208 11 210 13
B 136 23 138 25
B 93 23 95 25
B 121 11 123 13
B 150 23 152 25
B 64 107 66 109
B 208 83 210 85
B 208 95 210 97
B 179 107 181 109
B 208 107 210 109
B 179 95 181 97
B 179 83 181 85
B 179 71 181 73
B 193 71 195 73
B 208 71 210 73
B 136 95 138 97
B 121 107 123 109
B 150 95 152 97
B 35 83 37 85
B 6 95 8 97
B 47 95 49 97
B 47 23 49 25
L 12
B 33 45 39 51
B 91 81 97 87
B 81 69 87 75
B 163 4 169 10
B 148 4 154 10
B 191 81 197 87
B 191 93 197 99
B 16 33 22 39
B 33 21 39 27
B 4 21 10 27
B 81 33 87 39
B 81 57 87 63
B 69 69 75 75
B 69 33 75 39
B 57 33 63 39
B 57 81 63 87
B 91 4 97 10
B 76 4 82 10
B 47 4 53 10
B 33 4 39 10
B 45 69 51 75
B 4 57 10 63
B 16 69 22 75
B 19 105 25 111
B 4 81 10 87
B 19 9 25 15
B 62 9 68 15
B 191 21 197 27
B 177 21 183 27
B 206 21 212 27
B 177 9 183 15
B 206 9 212 15
B 134 21 140 27
B 91 21 97 27
B 119 9 125 15
B 148 21 154 27
B 62 105 68 111
B 206 81 212 87
B 206 93 212 99
B 177 105 183 111
B 206 105 212 111
B 177 93 183 99
B 177 81 183 87
B 177 69 183 75
B 191 69 197 75
B 206 69 212 75
B 134 93 140 99
B 119 105 125 111
B 148 93 154 99
B 151 81 157 87
B 117 21 123 27
B 93 45 99 51
B 122 69 128 75
B 146 45 152 51
B 122 33 128 39
B 175 33 181 39
B 175 57 181 63
B 117 81 123 87
B 33 81 39 87
B 4 93 10 99
B 175 45 181 51
B 45 93 51 99
B 45 21 51 27
B 189 21 195 99
B 69 21 75 27
B 69 93 75 99
B 57 33 63 87
B 16 33 27 39
B 16 69 27 75
B 21 21 27 99
B 21 21 27 99
B 189 21 195 99
B 148 93 169 99
B 148 21 169 27
B 105 21 111 87
B 163 21 169 99
B 91 81 111 87
B 69 33 75 75
B 93 45 99 75
B 81 69 99 75
B 4 21 10 87
B 81 33 87 63
B -3 -1 219 15
B -3 105 219 121
B 105 69 128 75
B 148 45 154 87
B 117 21 140 27
B 91 21 111 27
B 105 33 128 39
B 206 69 212 111
B 177 69 183 111
B 206 9 212 27
B 177 9 183 27
B 134 21 140 99
B 117 81 140 87
B 33 21 39 87
B 4 81 10 99
B 57 21 63 99
B 57 21 75 27
B 57 93 75 99
B 45 21 51 99
B 163 45 181 51
B 175 33 195 39
B 175 57 195 63
B 175 57 195 63
B 175 33 195 39
B 163 45 181 51
B 45 21 51 99
B 57 93 75 99
B 57 21 75 27
B 57 21 63 99
B 4 81 10 99
B 33 21 39 87
B 117 81 140 87
B 134 21 140 99
B 177 9 183 27
B 206 9 212 27
B 177 69 183 111
B 206 69 212 111
B 105 33 128 39
B 91 21 111 27
B 117 21 140 27
B 148 45 154 87
B 105 69 128 75
B -3 105 219 121
B -3 -1 219 15
B 81 33 87 63
B 4 21 10 87
B 81 69 99 75
B 93 45 99 75
B 69 33 75 75
B 91 81 111 87
B 163 21 169 99
B 105 21 111 87
B 148 21 169 27
B 148 93 169 99
B 189 21 195 99
B 21 21 27 99
B 21 21 27 99
B 16 69 27 75
B 16 33 27 39
B 57 33 63 87
B 69 93 75 99
B 69 21 75 27
B 189 21 195 99
L 11
B 35 47 37 49
B 83 71 85 73
B 18 35 20 37
B 83 35 85 37
B 83 59 85 61
B 71 71 73 73
B 71 35 73 37
B 59 35 61 37
B 59 83 61 85
B 47 71 49 73
B 6 59 8 61
B 18 71 20 73
B 153 83 155 85
B 119 23 121 25
B 95 47 97 49
B 124 71 126 73
B 148 47 150 49
B 124 35 126 37
B 177 35 179 37
B 177 59 179 61
B 119 83 121 85
B 177 47 179 49
L 31
B 71 95 73 97
B 191 23 193 25
B 191 35 193 37
B 191 59 193 61
B 191 71 193 73
B 191 83 193 85
B 191 95 193 97
B 71 23 73 25
B 59 35 61 37
B 59 47 61 49
B 59 59 61 61
B 59 71 61 73
B 59 83 61 85
B 23 23 25 25
B 23 35 25 37
B 23 47 25 49
B 23 59 25 61
B 23 71 25 73
B 23 83 25 85
B 23 95 25 97
B 191 47 193 49
l 5
B 4 14 39 34
B 16 7 27 34
B 2 16 42 32
B 59 7 70 34
B 102 4 111 34
B 47 14 114 32
B 105 2 111 34
B 102 4 114 32
B 105 2 114 32
B 47 14 111 34
B 42 16 114 32
B 105 4 142 22
B 105 4 142 22
B 102 4 142 22
B 105 2 140 22
B 131 4 142 32
B 134 2 140 34
B 134 4 142 34
B 131 2 140 32
B 42 16 214 22
B 47 14 214 22
B 174 4 212 34
B 131 14 214 32
B 134 14 212 34
B 177 2 212 34
B 174 4 214 32
l 6
B 2 76 42 104
B 16 76 27 113
B 74 76 85 116
B 42 88 85 116
B 102 76 114 116
B 74 76 114 104
B 102 88 214 116
B 42 88 214 104
B 174 64 214 116
