; structure creation     : 65407/43460/57358 (0:116:6)
; structure modification : 65407/43460/57358 (0:116:6)
; structure name : xr2_x1
L 1
B -3 60 111 127
L 2
B -3 -3 111 51
L 8
B 2 16 102 32
B 4 14 97 34
B 19 2 82 34
B 16 4 85 34
B 88 107 107 118
L 9
B 88 2 107 13
B 2 76 102 104
B 16 64 85 116
L 4
B 18 6 83 30
B 18 66 83 114
B 90 4 105 11
B 4 18 100 30
B 4 78 100 102
B 90 109 105 116
L 7
B 13 14 15 35
B 3 44 11 52
B 13 61 15 106
B 42 2 44 35
B 28 2 30 35
B 20 32 28 40
B 13 33 30 35
B 20 56 28 64
B 13 61 30 63
B 42 61 44 118
B 28 61 30 118
B 44 32 52 40
B 3 47 59 49
B 42 32 52 35
B 71 2 73 52
B 68 44 76 52
B 44 56 52 64
B 42 61 52 63
B 57 2 59 118
B 71 61 73 118
B 85 14 87 40
B 68 47 100 49
B 92 44 100 52
B 80 32 88 40
B 80 56 88 64
B 71 61 88 63
B 85 56 87 106
L 6
B 74 103 84 113
B 2 79 12 89
B 60 91 70 101
B 31 91 41 101
B 17 103 27 113
B 45 79 55 89
B 91 79 101 89
B 2 91 12 101
B 60 79 70 89
B 60 67 70 77
B 91 91 101 101
B 31 79 41 89
B 62 64 82 116
B 59 64 70 116
B 47 64 68 116
B 45 64 56 116
B 16 64 27 116
B 19 64 39 116
B 30 64 42 116
B 33 64 53 116
B 2 76 13 104
B 4 76 25 104
B 74 64 85 116
B 76 76 97 104
B 90 76 102 104
B 90 76 102 104
B 76 76 97 104
B 74 64 85 116
B 4 76 25 104
B 2 76 13 104
B 33 64 53 116
B 30 64 42 116
B 19 64 39 116
B 16 64 27 116
B 45 64 56 116
B 47 64 68 116
B 59 64 70 116
B 62 64 82 116
L 5
B 74 7 84 17
B 17 7 27 17
B 2 19 12 29
B 45 19 55 29
B 91 19 101 29
B 74 4 85 32
B 19 2 39 34
B 16 4 27 32
B 30 4 42 32
B 33 2 53 34
B 45 4 56 32
B 47 2 68 34
B 59 4 70 32
B 62 2 82 34
B 2 16 13 32
B 76 14 97 34
B 4 14 25 34
B 90 16 102 32
B 90 16 102 32
B 4 14 25 34
B 76 14 97 34
B 2 16 13 32
B 62 2 82 34
B 59 4 70 32
B 47 2 68 34
B 45 4 56 32
B 33 2 53 34
B 30 4 42 32
B 16 4 27 32
B 19 2 39 34
B 74 4 85 32
L 3
B -1 -1 109 49
B -1 62 109 125
L 10
B 93 6 95 8
B 93 112 95 114
B 78 107 80 109
B 6 83 8 85
B 64 95 66 97
B 35 95 37 97
B 21 107 23 109
B 78 11 80 13
B 21 11 23 13
B 6 23 8 25
B 49 23 51 25
B 49 83 51 85
B 95 83 97 85
B 95 23 97 25
B 6 95 8 97
B 64 83 66 85
B 64 71 66 73
B 95 95 97 97
B 35 83 37 85
L 12
B 4 45 10 51
B 21 33 27 39
B 21 57 27 63
B 91 4 97 10
B 91 110 97 116
B 76 105 82 111
B 4 81 10 87
B 62 93 68 99
B 33 93 39 99
B 19 105 25 111
B 76 9 82 15
B 19 9 25 15
B 4 21 10 27
B 47 21 53 27
B 47 81 53 87
B 45 33 51 39
B 45 57 51 63
B 81 33 87 39
B 81 57 87 63
B 69 45 75 51
B 93 45 99 51
B 93 81 99 87
B 93 21 99 27
B 4 93 10 99
B 62 81 68 87
B 62 69 68 75
B 93 93 99 99
B 33 81 39 87
B 33 21 39 75
B 33 23 39 75
B 45 21 51 27
B 45 69 51 87
B 21 21 27 99
B 81 21 87 99
B 33 21 53 27
B 33 93 68 99
B 4 21 10 87
B 21 21 27 99
B -3 105 111 121
B -3 -1 111 15
B 81 21 87 99
B 45 33 87 39
B 57 45 63 63
B 57 45 75 51
B 45 57 63 63
B 93 21 99 87
B 4 81 10 99
B 62 69 68 99
B 45 69 51 87
B 33 69 51 75
B 93 81 99 99
B 33 81 39 99
B 33 81 39 99
B 93 81 99 99
B 33 69 51 75
B 45 69 51 87
B 62 69 68 99
B 4 81 10 99
B 93 21 99 87
B 45 57 63 63
B 57 45 75 51
B 57 45 63 63
B 45 33 87 39
B 81 21 87 99
B -3 -1 111 15
B -3 105 111 121
B 21 21 27 99
B 4 21 10 87
B 33 93 68 99
B 33 21 53 27
B 81 21 87 99
B 21 21 27 99
B 45 69 51 87
B 45 21 51 27
B 33 23 39 75
B 33 21 39 75
L 11
B 6 47 8 49
B 23 35 25 37
B 23 59 25 61
B 47 35 49 37
B 47 59 49 61
B 83 35 85 37
B 83 59 85 61
B 71 47 73 49
B 95 47 97 49
L 31
B 35 59 37 61
B 35 47 37 49
B 35 35 37 37
B 35 23 37 25
B 23 23 25 25
B 23 35 25 37
B 23 59 25 61
B 23 47 25 49
B 23 71 25 73
B 23 83 25 85
B 23 95 25 97
B 83 23 85 25
B 83 35 85 37
B 83 47 85 49
B 83 59 85 61
B 83 71 85 73
B 83 83 85 85
B 83 95 85 97
B 47 83 49 85
B 47 71 49 73
l 5
B 2 16 102 32
B 4 14 97 34
B 19 2 82 34
B 16 4 85 34
l 6
B 2 76 102 104
B 16 64 85 116
