h 0 -4 76 103
l 1
b 0 65 76 34
l 2
b 0 5 76 48
l 3
b 2 67 72 30
b 2 7 72 44
l 4
b 5 10 66 6
b 5 88 66 6
b 53 70 18 14
b 49 18 10 22
b 53 42 18 6
b 5 70 18 14
b 17 18 10 22
b 5 42 18 6
l 7
b 13 51 44 6
b 13 51 44 6
b 19 61 42 6
b 19 61 42 6
b 61 40 2 46
b 41 28 20 2
b 41 28 20 2
b 13 40 2 46
b 15 28 26 2
b 15 28 26 2
b 35 26 6 6
b 35 26 6 6
l 8
b 3 86 70 10
b 47 18 14 22
b 47 40 26 10
b 15 18 14 22
b 3 40 26 10
l 9
b 3 8 70 10
b 51 68 22 18
b 3 68 22 18
l 10
b 63 90 2 2
b 59 90 2 2
b 67 90 2 2
b 55 90 2 2
b 67 80 2 2
b 55 80 2 2
b 67 72 2 2
b 67 76 2 2
b 55 72 2 2
b 55 76 2 2
b 51 22 2 2
b 51 34 2 2
b 55 22 2 2
b 55 34 2 2
b 67 44 2 2
b 55 44 2 2
b 63 12 2 2
b 59 12 2 2
b 67 12 2 2
b 15 90 2 2
b 11 90 2 2
b 19 90 2 2
b 7 90 2 2
b 19 80 2 2
b 7 80 2 2
b 19 72 2 2
b 19 76 2 2
b 7 72 2 2
b 7 76 2 2
b 23 22 2 2
b 23 34 2 2
b 19 34 2 2
b 19 22 2 2
b 19 44 2 2
b 7 44 2 2
b 15 12 2 2
b 11 12 2 2
b 7 12 2 2
l 11
b 53 53 2 2
b 21 63 2 2
b 37 28 2 2
l 12
b 57 10 14 6
b 5 10 14 6
b 65 16 6 32
b 0 0 76 6
b 23 18 8 8
b 45 18 8 8
b 45 20 14 6
b 52 88 22 6
b 51 51 6 6
b 65 70 6 18
b 53 42 6 42
b 49 32 10 6
b 53 32 6 10
b 17 20 14 6
b 3 88 22 6
b 5 70 6 18
b 17 42 6 42
b 19 61 6 6
b 17 32 10 6
b 17 32 6 10
b 5 16 6 32
b 35 0 6 32
t 48 22 4 0 N_BL
t 27 22 4 0 BL
t 55 59 4 0 L
t 61 11 4 0 Gnd
t 25 88 4 0 Vdd
t 19 60 4 0 H
t 36 10 4 0 WL
l 13
b 25 20 4 4
b 47 20 4 4
l 14
b 45 -4 8 103
b 23 -4 8 103
