l 31
B 1105 -25 1535 -30
B 1990 -25 2055 -30
B 1105 -30 1560 -35
B 1980 -30 2070 -35
B 1105 -35 1580 -40
B 1965 -35 2080 -40
B 1105 -40 1595 -45
B 1960 -40 2090 -45
B 1105 -45 1610 -50
B 1950 -45 2100 -50
B 735 -50 830 -55
B 1105 -50 1625 -55
B 1945 -50 2105 -55
B 715 -55 850 -60
B 1105 -55 1635 -60
B 1940 -55 2110 -60
B 700 -60 870 -65
B 1105 -60 1645 -65
B 1935 -60 2115 -65
B 685 -65 880 -70
B 1105 -65 1655 -70
B 1930 -65 2120 -70
B 675 -70 890 -75
B 1105 -70 1665 -75
B 1925 -70 2125 -75
B 665 -75 900 -80
B 1105 -75 1670 -80
B 1920 -75 2125 -80
B 660 -80 910 -85
B 1105 -80 1680 -85
B 1920 -80 2130 -85
B 650 -85 920 -90
B 1105 -85 1685 -90
B 1915 -85 2005 -90
B 2040 -85 2135 -90
B 640 -90 925 -95
B 1105 -90 1695 -95
B 1915 -90 1995 -95
B 2055 -90 2135 -95
B 635 -95 935 -100
B 1105 -95 1700 -100
B 1910 -95 1985 -100
B 2060 -95 2135 -100
B 630 -100 940 -105
B 1105 -100 1710 -105
B 1910 -100 1980 -105
B 2065 -100 2140 -105
B 625 -105 945 -110
B 1105 -105 1715 -110
B 1905 -105 1975 -110
B 2070 -105 2140 -110
B 615 -110 950 -115
B 1105 -110 1720 -115
B 1905 -110 1975 -115
B 2075 -110 2145 -115
B 610 -115 955 -120
B 1105 -115 1725 -120
B 1905 -115 1970 -120
B 2080 -115 2145 -120
B 605 -120 960 -125
B 1105 -120 1730 -125
B 1900 -120 1965 -125
B 2080 -120 2145 -125
B 600 -125 965 -130
B 1105 -125 1735 -130
B 1900 -125 1965 -130
B 2080 -125 2145 -130
B 595 -130 970 -135
B 1105 -130 1740 -135
B 1900 -130 1965 -135
B 2085 -130 2145 -135
B 595 -135 975 -140
B 1105 -135 1745 -140
B 1900 -135 1965 -140
B 2085 -135 2145 -140
B 590 -140 980 -145
B 1105 -140 1750 -145
B 1900 -140 1960 -145
B 2085 -140 2150 -145
B 585 -145 980 -150
B 1105 -145 1755 -150
B 1900 -145 1960 -150
B 2085 -145 2150 -150
B 580 -150 985 -155
B 1105 -150 1760 -155
B 1900 -150 1960 -155
B 2085 -150 2150 -155
B 580 -155 990 -160
B 1105 -155 1765 -160
B 1900 -155 1965 -160
B 2085 -155 2145 -160
B 575 -160 995 -165
B 1105 -160 1770 -165
B 1900 -160 1965 -165
B 2085 -160 2145 -165
B 570 -165 995 -170
B 1105 -165 1770 -170
B 1900 -165 1965 -170
B 2080 -165 2145 -170
B 570 -170 1000 -175
B 1105 -170 1255 -175
B 1490 -170 1775 -175
B 1900 -170 1965 -175
B 2080 -170 2145 -175
B 565 -175 1000 -180
B 1105 -175 1255 -180
B 1530 -175 1780 -180
B 1905 -175 1970 -180
B 2080 -175 2145 -180
B 565 -180 1005 -185
B 1105 -180 1255 -185
B 1545 -180 1785 -185
B 1905 -180 1975 -185
B 2075 -180 2140 -185
B 560 -185 1005 -190
B 1105 -185 1255 -190
B 1560 -185 1785 -190
B 1905 -185 1975 -190
B 2070 -185 2140 -190
B 560 -190 1010 -195
B 1105 -190 1255 -195
B 1570 -190 1790 -195
B 1910 -190 1980 -195
B 2065 -190 2140 -195
B 555 -195 770 -200
B 795 -195 1010 -200
B 1105 -195 1255 -200
B 1580 -195 1795 -200
B 1910 -195 1990 -200
B 2060 -195 2135 -200
B 555 -200 750 -205
B 815 -200 1015 -205
B 1105 -200 1255 -205
B 1590 -200 1795 -205
B 1915 -200 1995 -205
B 2050 -200 2135 -205
B 550 -205 740 -210
B 830 -205 1015 -210
B 1105 -205 1255 -210
B 1600 -205 1800 -210
B 1915 -205 2010 -210
B 2035 -205 2130 -210
B 210 -210 265 -215
B 550 -210 730 -215
B 835 -210 1015 -215
B 1105 -210 1255 -215
B 1605 -210 1800 -215
B 1920 -210 2130 -215
B 195 -215 285 -220
B 550 -215 725 -220
B 845 -215 1020 -220
B 1105 -215 1255 -220
B 1615 -215 1805 -220
B 1920 -215 2125 -220
B 180 -220 295 -225
B 545 -220 715 -225
B 850 -220 1020 -225
B 1105 -220 1255 -225
B 1620 -220 1810 -225
B 1925 -220 2120 -225
B 175 -225 305 -230
B 545 -225 710 -230
B 855 -225 1020 -230
B 1105 -225 1255 -230
B 1625 -225 1810 -230
B 1930 -225 2120 -230
B 165 -230 310 -235
B 545 -230 710 -235
B 860 -230 1025 -235
B 1105 -230 1255 -235
B 1630 -230 1815 -235
B 1935 -230 2115 -235
B 160 -235 315 -240
B 545 -235 705 -240
B 865 -235 1025 -240
B 1105 -235 1255 -240
B 1635 -235 1815 -240
B 1940 -235 2110 -240
B 155 -240 325 -245
B 540 -240 700 -245
B 865 -240 1025 -245
B 1105 -240 1255 -245
B 1640 -240 1815 -245
B 1945 -240 2105 -245
B 150 -245 330 -250
B 540 -245 695 -250
B 870 -245 1025 -250
B 1105 -245 1255 -250
B 1645 -245 1820 -250
B 1950 -245 2100 -250
B 145 -250 330 -255
B 540 -250 695 -255
B 875 -250 1030 -255
B 1105 -250 1255 -255
B 1650 -250 1820 -255
B 1950 -250 2100 -255
B 140 -255 335 -260
B 540 -255 690 -260
B 875 -255 1030 -260
B 1105 -255 1255 -260
B 1655 -255 1825 -260
B 1950 -255 2100 -260
B 135 -260 340 -265
B 540 -260 690 -265
B 875 -260 1030 -265
B 1105 -260 1255 -265
B 1655 -260 1825 -265
B 1950 -260 2100 -265
B 135 -265 345 -270
B 535 -265 690 -270
B 880 -265 1030 -270
B 1105 -265 1255 -270
B 1660 -265 1830 -270
B 1950 -265 2100 -270
B 130 -270 225 -275
B 250 -270 345 -275
B 535 -270 685 -275
B 880 -270 1030 -275
B 1105 -270 1255 -275
B 1665 -270 1830 -275
B 1950 -270 2100 -275
B 125 -275 210 -280
B 265 -275 350 -280
B 535 -275 685 -280
B 880 -275 1030 -280
B 1105 -275 1255 -280
B 1670 -275 1830 -280
B 1950 -275 2100 -280
B 125 -280 200 -285
B 275 -280 350 -285
B 535 -280 685 -285
B 880 -280 1030 -285
B 1105 -280 1255 -285
B 1670 -280 1835 -285
B 1950 -280 2100 -285
B 125 -285 195 -290
B 280 -285 355 -290
B 535 -285 685 -290
B 885 -285 1030 -290
B 1105 -285 1255 -290
B 1675 -285 1835 -290
B 1950 -285 2100 -290
B 120 -290 190 -295
B 285 -290 355 -295
B 535 -290 685 -295
B 885 -290 1030 -295
B 1105 -290 1255 -295
B 1675 -290 1835 -295
B 1950 -290 2100 -295
B 120 -295 190 -300
B 290 -295 355 -300
B 535 -295 685 -300
B 1105 -295 1255 -300
B 1680 -295 1835 -300
B 1950 -295 2100 -300
B 120 -300 185 -305
B 290 -300 360 -305
B 535 -300 685 -305
B 1105 -300 1255 -305
B 1680 -300 1840 -305
B 1950 -300 2100 -305
B 115 -305 180 -310
B 295 -305 360 -310
B 535 -305 685 -310
B 1105 -305 1255 -310
B 1685 -305 1840 -310
B 1950 -305 2100 -310
B 115 -310 180 -315
B 295 -310 360 -315
B 535 -310 685 -315
B 1105 -310 1255 -315
B 1685 -310 1840 -315
B 1950 -310 2100 -315
B 115 -315 180 -320
B 300 -315 360 -320
B 535 -315 685 -320
B 1105 -315 1255 -320
B 1685 -315 1840 -320
B 1950 -315 2100 -320
B 115 -320 175 -325
B 300 -320 360 -325
B 535 -320 685 -325
B 1105 -320 1255 -325
B 1690 -320 1845 -325
B 1950 -320 2100 -325
B 115 -325 175 -330
B 300 -325 360 -330
B 535 -325 685 -330
B 1105 -325 1255 -330
B 1690 -325 1845 -330
B 1950 -325 2100 -330
B 115 -330 175 -335
B 300 -330 360 -335
B 535 -330 685 -335
B 1105 -330 1255 -335
B 1690 -330 1845 -335
B 1950 -330 2100 -335
B 115 -335 175 -340
B 300 -335 360 -340
B 535 -335 685 -340
B 1105 -335 1255 -340
B 1695 -335 1845 -340
B 1950 -335 2100 -340
B 115 -340 175 -345
B 300 -340 360 -345
B 535 -340 685 -345
B 1105 -340 1255 -345
B 1695 -340 1845 -345
B 1950 -340 2100 -345
B 115 -345 180 -350
B 300 -345 360 -350
B 535 -345 685 -350
B 1105 -345 1255 -350
B 1695 -345 1845 -350
B 1950 -345 2100 -350
B 115 -350 180 -355
B 295 -350 360 -355
B 535 -350 685 -355
B 1105 -350 1255 -355
B 1695 -350 1850 -355
B 1950 -350 2100 -355
B 115 -355 180 -360
B 295 -355 360 -360
B 535 -355 685 -360
B 1105 -355 1255 -360
B 1700 -355 1850 -360
B 1950 -355 2100 -360
B 120 -360 185 -365
B 290 -360 360 -365
B 535 -360 685 -365
B 1105 -360 1255 -365
B 1700 -360 1850 -365
B 1950 -360 2100 -365
B 120 -365 185 -370
B 290 -365 355 -370
B 535 -365 685 -370
B 1105 -365 1255 -370
B 1700 -365 1850 -370
B 1950 -365 2100 -370
B 120 -370 190 -375
B 285 -370 355 -375
B 535 -370 685 -375
B 1105 -370 1255 -375
B 1700 -370 1850 -375
B 1950 -370 2100 -375
B 120 -375 195 -380
B 280 -375 355 -380
B 535 -375 685 -380
B 1105 -375 1255 -380
B 1700 -375 1850 -380
B 1950 -375 2100 -380
B 125 -380 200 -385
B 275 -380 350 -385
B 535 -380 685 -385
B 1105 -380 1255 -385
B 1700 -380 1850 -385
B 1950 -380 2100 -385
B 125 -385 210 -390
B 265 -385 350 -390
B 535 -385 685 -390
B 1105 -385 1255 -390
B 1700 -385 1850 -390
B 1950 -385 2100 -390
B 130 -390 220 -395
B 255 -390 345 -395
B 535 -390 685 -395
B 1105 -390 1255 -395
B 1700 -390 1850 -395
B 1950 -390 2100 -395
B 130 -395 345 -400
B 535 -395 685 -400
B 1105 -395 1255 -400
B 1700 -395 1850 -400
B 1950 -395 2100 -400
B 135 -400 340 -405
B 535 -400 685 -405
B 1105 -400 1255 -405
B 1700 -400 1850 -405
B 1950 -400 2100 -405
B 140 -405 335 -410
B 535 -405 685 -410
B 1105 -405 1255 -410
B 1700 -405 1850 -410
B 1950 -405 2100 -410
B 145 -410 335 -415
B 535 -410 685 -415
B 1105 -410 1255 -415
B 1700 -410 1850 -415
B 1950 -410 2100 -415
B 145 -415 330 -420
B 535 -415 685 -420
B 1105 -415 1255 -420
B 1700 -415 1850 -420
B 1950 -415 2100 -420
B 150 -420 325 -425
B 535 -420 685 -425
B 1105 -420 1255 -425
B 1700 -420 1850 -425
B 1950 -420 2100 -425
B 160 -425 320 -430
B 535 -425 685 -430
B 1105 -425 1255 -430
B 1700 -425 1850 -430
B 1950 -425 2100 -430
B 165 -430 310 -435
B 535 -430 685 -435
B 1105 -430 1255 -435
B 1700 -430 1850 -435
B 1950 -430 2100 -435
B 170 -435 305 -440
B 535 -435 685 -440
B 1105 -435 1255 -440
B 1700 -435 1850 -440
B 1950 -435 2100 -440
B 180 -440 295 -445
B 535 -440 685 -445
B 1105 -440 1255 -445
B 1700 -440 1850 -445
B 1950 -440 2100 -445
B 190 -445 285 -450
B 535 -445 685 -450
B 1105 -445 1255 -450
B 1700 -445 1850 -450
B 1950 -445 2100 -450
B 205 -450 270 -455
B 535 -450 685 -455
B 1105 -450 1255 -455
B 1700 -450 1850 -455
B 1950 -450 2100 -455
B 535 -455 685 -460
B 1105 -455 1255 -460
B 1700 -455 1850 -460
B 1950 -455 2100 -460
B 535 -460 685 -465
B 1105 -460 1255 -465
B 1700 -460 1850 -465
B 1950 -460 2100 -465
B 535 -465 685 -470
B 1105 -465 1255 -470
B 1700 -465 1850 -470
B 1950 -465 2100 -470
B 535 -470 685 -475
B 1105 -470 1255 -475
B 1700 -470 1850 -475
B 1950 -470 2100 -475
B 535 -475 685 -480
B 1105 -475 1255 -480
B 1700 -475 1850 -480
B 1950 -475 2100 -480
B 535 -480 685 -485
B 1105 -480 1255 -485
B 1700 -480 1850 -485
B 1950 -480 2100 -485
B 535 -485 685 -490
B 1105 -485 1255 -490
B 1700 -485 1850 -490
B 1950 -485 2100 -490
B 535 -490 685 -495
B 1105 -490 1255 -495
B 1700 -490 1850 -495
B 1950 -490 2100 -495
B 535 -495 685 -500
B 1105 -495 1255 -500
B 1700 -495 1850 -500
B 1950 -495 2100 -500
B 535 -500 685 -505
B 1105 -500 1255 -505
B 1700 -500 1850 -505
B 1950 -500 2100 -505
B 535 -505 685 -510
B 1105 -505 1255 -510
B 1700 -505 1850 -510
B 1950 -505 2100 -510
B 535 -510 685 -515
B 1105 -510 1255 -515
B 1700 -510 1850 -515
B 1950 -510 2100 -515
B 535 -515 685 -520
B 1105 -515 1255 -520
B 1700 -515 1850 -520
B 1950 -515 2100 -520
B 165 -520 310 -525
B 410 -520 980 -525
B 1105 -520 1255 -525
B 1700 -520 1850 -525
B 1950 -520 2100 -525
B 165 -525 310 -530
B 410 -525 980 -530
B 1105 -525 1255 -530
B 1700 -525 1850 -530
B 1950 -525 2100 -530
B 165 -530 310 -535
B 410 -530 980 -535
B 1105 -530 1255 -535
B 1700 -530 1850 -535
B 1950 -530 2100 -535
B 165 -535 310 -540
B 410 -535 980 -540
B 1105 -535 1255 -540
B 1700 -535 1850 -540
B 1950 -535 2100 -540
B 165 -540 310 -545
B 410 -540 980 -545
B 1105 -540 1255 -545
B 1700 -540 1850 -545
B 1950 -540 2100 -545
B 165 -545 310 -550
B 410 -545 980 -550
B 1105 -545 1255 -550
B 1700 -545 1850 -550
B 1950 -545 2100 -550
B 165 -550 310 -555
B 410 -550 980 -555
B 1105 -550 1255 -555
B 1700 -550 1850 -555
B 1950 -550 2100 -555
B 165 -555 310 -560
B 410 -555 980 -560
B 1105 -555 1255 -560
B 1700 -555 1850 -560
B 1950 -555 2100 -560
B 165 -560 310 -565
B 410 -560 980 -565
B 1105 -560 1255 -565
B 1700 -560 1850 -565
B 1950 -560 2100 -565
B 165 -565 310 -570
B 410 -565 980 -570
B 1105 -565 1255 -570
B 1700 -565 1850 -570
B 1950 -565 2100 -570
B 165 -570 310 -575
B 410 -570 980 -575
B 1105 -570 1255 -575
B 1700 -570 1850 -575
B 1950 -570 2100 -575
B 165 -575 310 -580
B 410 -575 980 -580
B 1105 -575 1255 -580
B 1700 -575 1850 -580
B 1950 -575 2100 -580
B 165 -580 310 -585
B 410 -580 980 -585
B 1105 -580 1255 -585
B 1700 -580 1850 -585
B 1950 -580 2100 -585
B 165 -585 310 -590
B 410 -585 980 -590
B 1105 -585 1255 -590
B 1700 -585 1850 -590
B 1950 -585 2100 -590
B 165 -590 310 -595
B 410 -590 980 -595
B 1105 -590 1255 -595
B 1700 -590 1850 -595
B 1950 -590 2100 -595
B 165 -595 310 -600
B 410 -595 980 -600
B 1105 -595 1255 -600
B 1700 -595 1850 -600
B 1950 -595 2100 -600
B 165 -600 310 -605
B 410 -600 980 -605
B 1105 -600 1255 -605
B 1700 -600 1850 -605
B 1950 -600 2100 -605
B 165 -605 310 -610
B 410 -605 980 -610
B 1105 -605 1255 -610
B 1700 -605 1850 -610
B 1950 -605 2100 -610
B 165 -610 310 -615
B 410 -610 980 -615
B 1105 -610 1255 -615
B 1700 -610 1850 -615
B 1950 -610 2100 -615
B 165 -615 310 -620
B 410 -615 980 -620
B 1105 -615 1255 -620
B 1700 -615 1850 -620
B 1950 -615 2100 -620
B 165 -620 310 -625
B 410 -620 980 -625
B 1105 -620 1255 -625
B 1700 -620 1850 -625
B 1950 -620 2100 -625
B 165 -625 310 -630
B 410 -625 980 -630
B 1105 -625 1255 -630
B 1700 -625 1850 -630
B 1950 -625 2100 -630
B 165 -630 310 -635
B 410 -630 980 -635
B 1105 -630 1255 -635
B 1700 -630 1850 -635
B 1950 -630 2100 -635
B 165 -635 310 -640
B 410 -635 980 -640
B 1105 -635 1255 -640
B 1700 -635 1850 -640
B 1950 -635 2100 -640
B 165 -640 310 -645
B 415 -640 980 -645
B 1105 -640 1255 -645
B 1700 -640 1850 -645
B 1950 -640 2100 -645
B 165 -645 310 -650
B 535 -645 685 -650
B 1105 -645 1255 -650
B 1700 -645 1850 -650
B 1950 -645 2100 -650
B 165 -650 310 -655
B 535 -650 685 -655
B 1105 -650 1255 -655
B 1700 -650 1850 -655
B 1950 -650 2100 -655
B 165 -655 310 -660
B 535 -655 685 -660
B 1105 -655 1255 -660
B 1700 -655 1850 -660
B 1950 -655 2100 -660
B 165 -660 310 -665
B 535 -660 685 -665
B 1105 -660 1255 -665
B 1700 -660 1850 -665
B 1950 -660 2100 -665
B 165 -665 310 -670
B 535 -665 685 -670
B 1105 -665 1255 -670
B 1700 -665 1850 -670
B 1950 -665 2100 -670
B 165 -670 310 -675
B 535 -670 685 -675
B 1105 -670 1255 -675
B 1700 -670 1850 -675
B 1950 -670 2100 -675
B 165 -675 310 -680
B 535 -675 685 -680
B 1105 -675 1255 -680
B 1700 -675 1850 -680
B 1950 -675 2100 -680
B 165 -680 310 -685
B 535 -680 685 -685
B 1105 -680 1255 -685
B 1700 -680 1850 -685
B 1950 -680 2100 -685
B 165 -685 310 -690
B 535 -685 685 -690
B 1105 -685 1255 -690
B 1700 -685 1850 -690
B 1950 -685 2100 -690
B 165 -690 310 -695
B 535 -690 685 -695
B 1105 -690 1255 -695
B 1700 -690 1850 -695
B 1950 -690 2100 -695
B 165 -695 310 -700
B 535 -695 685 -700
B 1105 -695 1255 -700
B 1700 -695 1850 -700
B 1950 -695 2100 -700
B 165 -700 310 -705
B 535 -700 685 -705
B 1105 -700 1255 -705
B 1700 -700 1850 -705
B 1950 -700 2100 -705
B 165 -705 310 -710
B 535 -705 685 -710
B 1105 -705 1255 -710
B 1700 -705 1850 -710
B 1950 -705 2100 -710
B 165 -710 310 -715
B 535 -710 685 -715
B 1105 -710 1255 -715
B 1700 -710 1850 -715
B 1950 -710 2100 -715
B 165 -715 310 -720
B 535 -715 685 -720
B 1105 -715 1255 -720
B 1700 -715 1850 -720
B 1950 -715 2100 -720
B 165 -720 310 -725
B 535 -720 685 -725
B 1105 -720 1255 -725
B 1700 -720 1850 -725
B 1950 -720 2100 -725
B 165 -725 310 -730
B 535 -725 685 -730
B 1105 -725 1255 -730
B 1700 -725 1850 -730
B 1950 -725 2100 -730
B 165 -730 310 -735
B 535 -730 685 -735
B 1105 -730 1255 -735
B 1700 -730 1850 -735
B 1950 -730 2100 -735
B 165 -735 310 -740
B 535 -735 685 -740
B 1105 -735 1255 -740
B 1700 -735 1850 -740
B 1950 -735 2100 -740
B 165 -740 310 -745
B 535 -740 685 -745
B 1105 -740 1255 -745
B 1700 -740 1850 -745
B 1950 -740 2100 -745
B 165 -745 310 -750
B 535 -745 685 -750
B 1105 -745 1255 -750
B 1700 -745 1850 -750
B 1950 -745 2100 -750
B 165 -750 310 -755
B 535 -750 685 -755
B 1105 -750 1255 -755
B 1700 -750 1850 -755
B 1950 -750 2100 -755
B 165 -755 310 -760
B 535 -755 685 -760
B 1105 -755 1255 -760
B 1700 -755 1850 -760
B 1950 -755 2100 -760
B 165 -760 310 -765
B 535 -760 685 -765
B 1105 -760 1255 -765
B 1700 -760 1850 -765
B 1950 -760 2100 -765
B 165 -765 310 -770
B 535 -765 685 -770
B 1105 -765 1255 -770
B 1700 -765 1850 -770
B 1950 -765 2100 -770
B 165 -770 310 -775
B 535 -770 685 -775
B 1105 -770 1255 -775
B 1700 -770 1850 -775
B 1950 -770 2100 -775
B 165 -775 310 -780
B 535 -775 685 -780
B 1105 -775 1255 -780
B 1700 -775 1850 -780
B 1950 -775 2100 -780
B 165 -780 310 -785
B 535 -780 685 -785
B 1105 -780 1255 -785
B 1700 -780 1850 -785
B 1950 -780 2100 -785
B 165 -785 310 -790
B 535 -785 685 -790
B 1105 -785 1255 -790
B 1700 -785 1850 -790
B 1950 -785 2100 -790
B 165 -790 310 -795
B 535 -790 685 -795
B 1105 -790 1255 -795
B 1700 -790 1850 -795
B 1950 -790 2100 -795
B 165 -795 310 -800
B 535 -795 685 -800
B 1105 -795 1255 -800
B 1700 -795 1850 -800
B 1950 -795 2100 -800
B 165 -800 310 -805
B 535 -800 685 -805
B 1105 -800 1255 -805
B 1700 -800 1850 -805
B 1950 -800 2100 -805
B 165 -805 310 -810
B 535 -805 685 -810
B 1105 -805 1255 -810
B 1700 -805 1850 -810
B 1950 -805 2100 -810
B 165 -810 310 -815
B 535 -810 685 -815
B 1105 -810 1255 -815
B 1700 -810 1850 -815
B 1950 -810 2100 -815
B 165 -815 310 -820
B 535 -815 685 -820
B 1105 -815 1255 -820
B 1700 -815 1850 -820
B 1950 -815 2100 -820
B 165 -820 310 -825
B 535 -820 685 -825
B 1105 -820 1255 -825
B 1700 -820 1850 -825
B 1950 -820 2100 -825
B 165 -825 310 -830
B 535 -825 685 -830
B 1105 -825 1255 -830
B 1700 -825 1850 -830
B 1950 -825 2100 -830
B 165 -830 310 -835
B 535 -830 685 -835
B 1105 -830 1255 -835
B 1700 -830 1850 -835
B 1950 -830 2100 -835
B 165 -835 310 -840
B 535 -835 685 -840
B 1105 -835 1255 -840
B 1700 -835 1850 -840
B 1950 -835 2100 -840
B 165 -840 310 -845
B 535 -840 685 -845
B 1105 -840 1255 -845
B 1700 -840 1850 -845
B 1950 -840 2100 -845
B 165 -845 310 -850
B 535 -845 685 -850
B 1105 -845 1255 -850
B 1700 -845 1850 -850
B 1950 -845 2100 -850
B 165 -850 310 -855
B 535 -850 685 -855
B 1105 -850 1255 -855
B 1700 -850 1850 -855
B 1950 -850 2100 -855
B 165 -855 310 -860
B 535 -855 685 -860
B 1105 -855 1255 -860
B 1700 -855 1850 -860
B 1950 -855 2100 -860
B 165 -860 310 -865
B 535 -860 685 -865
B 1105 -860 1255 -865
B 1700 -860 1850 -865
B 1950 -860 2100 -865
B 165 -865 310 -870
B 535 -865 685 -870
B 1105 -865 1255 -870
B 1700 -865 1850 -870
B 1950 -865 2100 -870
B 165 -870 310 -875
B 535 -870 685 -875
B 1105 -870 1255 -875
B 1700 -870 1850 -875
B 1950 -870 2100 -875
B 165 -875 310 -880
B 535 -875 685 -880
B 1105 -875 1255 -880
B 1700 -875 1850 -880
B 1950 -875 2100 -880
B 165 -880 310 -885
B 535 -880 685 -885
B 1105 -880 1255 -885
B 1700 -880 1850 -885
B 1950 -880 2100 -885
B 165 -885 310 -890
B 535 -885 685 -890
B 1105 -885 1255 -890
B 1700 -885 1850 -890
B 1950 -885 2100 -890
B 165 -890 310 -895
B 535 -890 685 -895
B 1105 -890 1255 -895
B 1700 -890 1850 -895
B 1950 -890 2100 -895
B 165 -895 310 -900
B 535 -895 685 -900
B 1105 -895 1255 -900
B 1700 -895 1850 -900
B 1950 -895 2100 -900
B 165 -900 310 -905
B 535 -900 685 -905
B 1105 -900 1255 -905
B 1700 -900 1850 -905
B 1950 -900 2100 -905
B 165 -905 310 -910
B 535 -905 685 -910
B 1105 -905 1255 -910
B 1700 -905 1850 -910
B 1950 -905 2100 -910
B 165 -910 310 -915
B 535 -910 685 -915
B 1105 -910 1255 -915
B 1700 -910 1850 -915
B 1950 -910 2100 -915
B 165 -915 310 -920
B 535 -915 685 -920
B 1105 -915 1255 -920
B 1700 -915 1850 -920
B 1950 -915 2100 -920
B 165 -920 310 -925
B 535 -920 685 -925
B 1105 -920 1255 -925
B 1700 -920 1850 -925
B 1950 -920 2100 -925
B 165 -925 310 -930
B 535 -925 685 -930
B 1105 -925 1255 -930
B 1700 -925 1850 -930
B 1950 -925 2100 -930
B 165 -930 310 -935
B 535 -930 685 -935
B 1105 -930 1255 -935
B 1700 -930 1850 -935
B 1950 -930 2100 -935
B 165 -935 310 -940
B 535 -935 685 -940
B 1105 -935 1255 -940
B 1695 -935 1845 -940
B 1950 -935 2100 -940
B 165 -940 310 -945
B 535 -940 685 -945
B 1105 -940 1255 -945
B 1695 -940 1845 -945
B 1950 -940 2100 -945
B 165 -945 310 -950
B 535 -945 685 -950
B 1105 -945 1255 -950
B 1695 -945 1845 -950
B 1950 -945 2100 -950
B 165 -950 310 -955
B 535 -950 685 -955
B 1105 -950 1255 -955
B 1695 -950 1845 -955
B 1950 -950 2100 -955
B 165 -955 310 -960
B 535 -955 685 -960
B 1105 -955 1255 -960
B 1690 -955 1845 -960
B 1950 -955 2100 -960
B 165 -960 310 -965
B 535 -960 685 -965
B 1105 -960 1255 -965
B 1690 -960 1845 -965
B 1950 -960 2100 -965
B 165 -965 310 -970
B 535 -965 685 -970
B 1105 -965 1255 -970
B 1690 -965 1840 -970
B 1950 -965 2100 -970
B 165 -970 310 -975
B 535 -970 685 -975
B 1105 -970 1255 -975
B 1685 -970 1840 -975
B 1950 -970 2100 -975
B 165 -975 310 -980
B 535 -975 685 -980
B 1105 -975 1255 -980
B 1685 -975 1840 -980
B 1950 -975 2100 -980
B 165 -980 310 -985
B 535 -980 685 -985
B 1105 -980 1255 -985
B 1680 -980 1840 -985
B 1950 -980 2100 -985
B 165 -985 310 -990
B 535 -985 685 -990
B 1105 -985 1255 -990
B 1680 -985 1840 -990
B 1950 -985 2100 -990
B 165 -990 310 -995
B 535 -990 685 -995
B 1105 -990 1255 -995
B 1675 -990 1835 -995
B 1950 -990 2100 -995
B 165 -995 310 -1000
B 535 -995 685 -1000
B 1105 -995 1255 -1000
B 1675 -995 1835 -1000
B 1950 -995 2100 -1000
B 165 -1000 310 -1005
B 535 -1000 685 -1005
B 1105 -1000 1255 -1005
B 1670 -1000 1835 -1005
B 1950 -1000 2100 -1005
B 165 -1005 310 -1010
B 535 -1005 685 -1010
B 1105 -1005 1255 -1010
B 1670 -1005 1830 -1010
B 1950 -1005 2100 -1010
B 165 -1010 310 -1015
B 535 -1010 685 -1015
B 1105 -1010 1255 -1015
B 1665 -1010 1830 -1015
B 1950 -1010 2100 -1015
B 165 -1015 310 -1020
B 535 -1015 685 -1020
B 1105 -1015 1255 -1020
B 1660 -1015 1830 -1020
B 1950 -1015 2100 -1020
B 165 -1020 310 -1025
B 535 -1020 685 -1025
B 1105 -1020 1255 -1025
B 1660 -1020 1825 -1025
B 1950 -1020 2100 -1025
B 165 -1025 310 -1030
B 535 -1025 685 -1030
B 1105 -1025 1255 -1030
B 1655 -1025 1825 -1030
B 1950 -1025 2100 -1030
B 165 -1030 310 -1035
B 535 -1030 685 -1035
B 1105 -1030 1255 -1035
B 1650 -1030 1820 -1035
B 1950 -1030 2100 -1035
B 165 -1035 310 -1040
B 535 -1035 685 -1040
B 1105 -1035 1255 -1040
B 1645 -1035 1820 -1040
B 1950 -1035 2100 -1040
B 165 -1040 310 -1045
B 535 -1040 685 -1045
B 1105 -1040 1255 -1045
B 1640 -1040 1820 -1045
B 1950 -1040 2100 -1045
B 165 -1045 310 -1050
B 535 -1045 685 -1050
B 1105 -1045 1255 -1050
B 1640 -1045 1815 -1050
B 1950 -1045 2100 -1050
B 165 -1050 310 -1055
B 535 -1050 685 -1055
B 1105 -1050 1255 -1055
B 1630 -1050 1815 -1055
B 1950 -1050 2100 -1055
B 165 -1055 310 -1060
B 535 -1055 685 -1060
B 1105 -1055 1255 -1060
B 1625 -1055 1810 -1060
B 1950 -1055 2100 -1060
B 165 -1060 310 -1065
B 535 -1060 685 -1065
B 1105 -1060 1255 -1065
B 1620 -1060 1810 -1065
B 1950 -1060 2100 -1065
B 165 -1065 310 -1070
B 535 -1065 685 -1070
B 1105 -1065 1255 -1070
B 1615 -1065 1805 -1070
B 1950 -1065 2100 -1070
B 165 -1070 310 -1075
B 535 -1070 685 -1075
B 1105 -1070 1255 -1075
B 1610 -1070 1805 -1075
B 1950 -1070 2100 -1075
B 165 -1075 310 -1080
B 535 -1075 685 -1080
B 1105 -1075 1255 -1080
B 1600 -1075 1800 -1080
B 1950 -1075 2100 -1080
B 2490 -1075 2505 -1080
B 165 -1080 310 -1085
B 535 -1080 685 -1085
B 1105 -1080 1255 -1085
B 1595 -1080 1795 -1085
B 1950 -1080 2100 -1085
B 2460 -1080 2530 -1085
B 165 -1085 310 -1090
B 535 -1085 685 -1090
B 1105 -1085 1255 -1090
B 1585 -1085 1795 -1090
B 1950 -1085 2100 -1090
B 2445 -1085 2545 -1090
B 165 -1090 310 -1095
B 535 -1090 685 -1095
B 1105 -1090 1255 -1095
B 1575 -1090 1790 -1095
B 1950 -1090 2100 -1095
B 2435 -1090 2555 -1095
B 165 -1095 310 -1100
B 535 -1095 685 -1100
B 1105 -1095 1255 -1100
B 1565 -1095 1790 -1100
B 1950 -1095 2100 -1100
B 2425 -1095 2565 -1100
B 165 -1100 310 -1105
B 535 -1100 685 -1105
B 1105 -1100 1255 -1105
B 1550 -1100 1785 -1105
B 1950 -1100 2100 -1105
B 2420 -1100 2570 -1105
B 165 -1105 310 -1110
B 535 -1105 685 -1110
B 1105 -1105 1255 -1110
B 1530 -1105 1780 -1110
B 1950 -1105 2100 -1110
B 2415 -1105 2575 -1110
B 165 -1110 310 -1115
B 535 -1110 685 -1115
B 1105 -1110 1255 -1115
B 1505 -1110 1775 -1115
B 1950 -1110 2100 -1115
B 2410 -1110 2580 -1115
B 165 -1115 310 -1120
B 535 -1115 685 -1120
B 1105 -1115 1775 -1120
B 1950 -1115 2100 -1120
B 2405 -1115 2585 -1120
B 165 -1120 310 -1125
B 535 -1120 685 -1125
B 1105 -1120 1770 -1125
B 1950 -1120 2100 -1125
B 2400 -1120 2590 -1125
B 165 -1125 310 -1130
B 535 -1125 685 -1130
B 1105 -1125 1765 -1130
B 1950 -1125 2100 -1130
B 2395 -1125 2595 -1130
B 165 -1130 310 -1135
B 535 -1130 685 -1135
B 1105 -1130 1760 -1135
B 1950 -1130 2100 -1135
B 2390 -1130 2600 -1135
B 165 -1135 310 -1140
B 535 -1135 685 -1140
B 1105 -1135 1755 -1140
B 1950 -1135 2100 -1140
B 2390 -1135 2600 -1140
B 165 -1140 310 -1145
B 535 -1140 685 -1145
B 1105 -1140 1750 -1145
B 1950 -1140 2475 -1145
B 2515 -1140 2605 -1145
B 165 -1145 310 -1150
B 535 -1145 685 -1150
B 1105 -1145 1750 -1150
B 1950 -1145 2465 -1150
B 2525 -1145 2605 -1150
B 165 -1150 310 -1155
B 535 -1150 685 -1155
B 1105 -1150 1745 -1155
B 1950 -1150 2455 -1155
B 2535 -1150 2610 -1155
B 165 -1155 310 -1160
B 535 -1155 685 -1160
B 1105 -1155 1740 -1160
B 1950 -1155 2450 -1160
B 2540 -1155 2610 -1160
B 165 -1160 310 -1165
B 535 -1160 685 -1165
B 1105 -1160 1735 -1165
B 1950 -1160 2445 -1165
B 2545 -1160 2615 -1165
B 165 -1165 310 -1170
B 535 -1165 685 -1170
B 1105 -1165 1725 -1170
B 1950 -1165 2445 -1170
B 2545 -1165 2615 -1170
B 165 -1170 310 -1175
B 535 -1170 685 -1175
B 1105 -1170 1720 -1175
B 1950 -1170 2440 -1175
B 2550 -1170 2615 -1175
B 165 -1175 310 -1180
B 535 -1175 685 -1180
B 1105 -1175 1715 -1180
B 1950 -1175 2440 -1180
B 2550 -1175 2615 -1180
B 165 -1180 310 -1185
B 535 -1180 685 -1185
B 1105 -1180 1710 -1185
B 1950 -1180 2435 -1185
B 2555 -1180 2620 -1185
B 165 -1185 310 -1190
B 535 -1185 685 -1190
B 1105 -1185 1705 -1190
B 1950 -1185 2435 -1190
B 2555 -1185 2620 -1190
B 165 -1190 310 -1195
B 535 -1190 685 -1195
B 1105 -1190 1695 -1195
B 1950 -1190 2435 -1195
B 2555 -1190 2620 -1195
B 165 -1195 310 -1200
B 535 -1195 685 -1200
B 1105 -1195 1690 -1200
B 1950 -1195 2435 -1200
B 2555 -1195 2620 -1200
B 165 -1200 310 -1205
B 535 -1200 685 -1205
B 1105 -1200 1680 -1205
B 1950 -1200 2435 -1205
B 2555 -1200 2620 -1205
B 165 -1205 310 -1210
B 535 -1205 685 -1210
B 1105 -1205 1675 -1210
B 1950 -1205 2435 -1210
B 2555 -1205 2620 -1210
B 165 -1210 310 -1215
B 535 -1210 685 -1215
B 1105 -1210 1665 -1215
B 1950 -1210 2435 -1215
B 2555 -1210 2620 -1215
B 165 -1215 310 -1220
B 535 -1215 685 -1220
B 1105 -1215 1655 -1220
B 1950 -1215 2435 -1220
B 2555 -1215 2620 -1220
B 165 -1220 310 -1225
B 535 -1220 685 -1225
B 1105 -1220 1645 -1225
B 1950 -1220 2435 -1225
B 2555 -1220 2615 -1225
B 165 -1225 310 -1230
B 535 -1225 685 -1230
B 1105 -1225 1635 -1230
B 1950 -1225 2440 -1230
B 2550 -1225 2615 -1230
B 165 -1230 310 -1235
B 535 -1230 685 -1235
B 1105 -1230 1625 -1235
B 1950 -1230 2440 -1235
B 2550 -1230 2615 -1235
B 165 -1235 310 -1240
B 535 -1235 685 -1240
B 1105 -1235 1615 -1240
B 1950 -1235 2445 -1240
B 2545 -1235 2615 -1240
B 165 -1240 310 -1245
B 535 -1240 685 -1245
B 1105 -1240 1600 -1245
B 1950 -1240 2450 -1245
B 2540 -1240 2610 -1245
B 165 -1245 310 -1250
B 535 -1245 685 -1250
B 1105 -1245 1585 -1250
B 1950 -1245 2455 -1250
B 2535 -1245 2610 -1250
B 165 -1250 310 -1255
B 535 -1250 685 -1255
B 1105 -1250 1565 -1255
B 1950 -1250 2460 -1255
B 2530 -1250 2610 -1255
B 165 -1255 310 -1260
B 535 -1255 685 -1260
B 1105 -1255 1540 -1260
B 1950 -1255 2470 -1260
B 2520 -1255 2605 -1260
B 165 -1260 310 -1265
B 535 -1260 685 -1265
B 1105 -1260 1495 -1265
B 1950 -1260 2485 -1265
B 2500 -1260 2605 -1265
B 2390 -1265 2600 -1270
B 2395 -1270 2595 -1275
B 2400 -1275 2595 -1280
B 2400 -1280 2590 -1285
B 2405 -1285 2585 -1290
B 2410 -1290 2580 -1295
B 2415 -1295 2575 -1300
B 2425 -1300 2565 -1305
B 2430 -1305 2560 -1310
B 2440 -1310 2550 -1315
B 2450 -1315 2540 -1320
B 2470 -1320 2520 -1325
